3
59 78 6 
2
56701.7
-0.145958 0.068137 0.0246453 -0.0565588 0.157184 -0.0758904 0.188366 0.0357178 -0.196682 0.0336102 -0.0973251 -0.109697 0.0119959 0.0123153 0.202898 -0.0340989 0.157906 -0.154282 -0.075365 0.134871 -0.0252465 -0.0117046 -0.109036 -0.171887 0.168455 0.115045 -0.162072 -0.173415 -0.138475 -0.138404 0.0163658 -0.110606 0.194111 0.161627 0.170425 -0.0203634 0.171775 0.116416 -0.121351 -0.115071 -0.0912577 0.0793965 0.161749 0.143284 0.0809843 -0.167651 -0.133662 -0.16059 -0.148658 0.139808 0.00323911 0.152977 -0.170738 0.00471874 -0.0274252 -0.077197 0.201513 0.075717 0.103149 
0.105542 0.0460724 -0.145715 0.0616695 0.129341 -0.208733 0.206227 -0.0099063 -0.151979 -0.152461 0.0687702 -0.0344906 -0.101155 0.0729118 0.150084 -0.11909 0.105313 0.0244624 0.0797316 0.0598884 -0.0412862 -0.173683 0.174456 -0.163136 -0.159832 0.15133 -0.138352 -0.0500424 -0.135341 -0.0404238 0.0242432 -0.158272 -0.181185 0.0482407 -0.0588001 0.0353915 0.114721 0.144935 0.0265038 0.0468211 0.158727 -0.0244992 -0.161754 0.0529888 0.164301 -0.077541 -0.177459 -0.0592642 -0.193865 -0.00619321 -0.0144497 -0.0275403 0.159229 -0.129522 0.100541 0.0813312 -0.113351 -0.09628 -0.0302136 
-0.0263575 -0.19652 -0.186087 0.209056 -0.205185 -0.00529348 -0.0383381 -0.135617 -0.112884 -0.0265311 -0.0250242 0.119461 0.204037 0.0250164 -0.0194452 -0.143111 -0.153767 0.140836 -0.0405959 -0.0811965 -0.12652 -0.188969 -0.19361 0.0454952 -0.0994335 0.0137173 0.131382 -0.178409 0.133196 0.148282 0.113443 0.00646892 0.072406 0.101757 -0.0161019 -0.0669567 -0.0199065 0.0775516 0.0762822 -0.0243503 -0.179633 0.160703 -0.108832 0.111221 -0.184157 0.0575853 -0.0400786 0.113194 0.166982 0.0770644 -0.108004 -0.0633928 -0.0665567 -0.189311 0.0133031 0.0470064 -0.166332 -0.133415 -0.169605 
-0.0681601 0.0792237 0.147988 -0.116874 -0.0264082 0.0381991 0.0649466 -0.0368113 0.0896004 0.143134 0.136592 -0.0498209 -0.0453666 0.0148429 0.176706 -0.00748372 0.0556332 0.0478277 0.163804 0.00622721 -0.0796564 -0.00406563 0.060834 -0.0240016 0.0623354 0.00434327 -0.0548934 -0.015747 0.19284 0.180862 -0.18793 0.0768976 -0.101672 -0.198251 0.0364626 0.197723 0.0402794 -0.0991666 -0.198411 -0.1857 0.000690159 -0.140713 0.186667 -0.027246 0.0165218 -0.0652979 -0.00719543 0.0868326 0.126795 -0.120184 0.14981 0.0554768 0.00101161 0.00151908 0.0145428 0.114094 0.17905 -0.176974 -0.164266 
-0.109724 0.0119531 -0.134785 -0.0805517 -0.162908 0.179968 0.137913 -0.0257771 -0.125006 0.0692821 -0.0398035 0.0155774 -0.0934606 -0.0227338 -0.187295 0.0858675 -0.00895169 0.170475 0.0286548 -0.110351 0.185895 -0.202699 -0.0730357 0.120907 -0.188201 -0.0405358 -0.0755118 0.178325 0.116856 0.109331 -0.0881641 0.151062 0.188849 -0.00662842 0.149272 -0.0529821 0.0889657 0.111069 -0.127671 0.0946988 -0.120587 0.203067 0.0809413 -0.0228488 -0.107995 -0.0959687 0.191909 -0.19785 -0.0603329 -0.13642 0.120159 0.135761 0.120585 -0.153753 -0.153849 0.0728235 0.118116 -0.188715 -0.0729903 
0.140925 -0.0411224 0.0623414 -0.0150777 0.193095 -0.0239285 0.118671 -0.00348908 0.164653 0.0802052 0.156363 -0.158253 -0.138341 -0.027231 0.00711009 0.133822 0.191113 0.184668 0.177674 0.0225113 0.0791586 0.123985 -0.08092 0.142893 -0.0765503 0.197517 0.180044 -0.169395 0.0161496 -0.130447 -0.05667 0.148911 -0.200848 -0.108489 -0.17105 0.121929 -0.0686822 -0.0564727 0.00753603 0.191642 -0.122079 0.0082814 -0.00382765 0.0173735 0.187938 -0.151702 0.00577809 0.0775488 0.103468 0.154332 -0.10355 -0.0985349 0.188597 0.119381 -0.0767918 0.203392 -0.0693739 0.0333371 0.199334 
-0.115564 -0.134838 -0.13112 -0.151978 0.107689 -0.207259 -0.0758757 0.130264 -0.0249173 0.158443 -0.0700379 0.0299968 -0.0517105 -0.0276569 -0.178953 0.00759138 -0.033552 -0.126402 0.0481802 0.115945 0.102314 0.144491 -0.14452 -0.0367966 -0.0983345 0.0273747 -0.140416 0.110846 -0.172595 0.111014 0.0318731 0.147773 0.120006 0.122821 -0.195907 0.176426 0.141744 0.00599549 -0.174462 0.0182534 0.0882606 0.179886 0.0207728 -0.160927 0.0771384 -0.195985 0.127363 -0.174346 -0.208503 -0.0107697 -0.00141442 -0.182105 -0.0235974 -0.080389 0.205142 -0.206196 -0.183344 -0.0432035 -0.11993 
-0.0748034 -0.143979 0.115078 0.152459 -0.0481623 -0.142123 0.156336 0.0792498 0.0340681 0.0560547 0.0416938 -0.0702339 -0.0868712 -0.15374 -0.15344 -0.0880082 -0.15067 -0.0470392 -0.138542 -0.108906 0.173045 0.0645748 -0.205183 0.0928554 -0.0567574 0.171693 0.00632254 -0.038206 0.0204213 -0.19654 -0.00479814 -0.00293727 -0.206087 -0.159097 0.15885 -0.156119 0.176813 -0.105577 -0.171865 -0.171036 0.128791 0.100776 0.150076 0.0145691 0.0108192 0.129154 0.19379 -0.079663 0.162071 0.0941981 0.0307446 -0.136246 0.034074 -0.103911 -0.136782 -0.0459943 0.139173 0.0863795 -0.170608 
0.204815 0.17055 -0.1074 -0.136735 -0.0326866 -0.158661 -0.0329027 0.0738773 -0.201284 0.203663 0.155657 0.0378308 0.0805417 -0.103513 0.0426966 0.0588588 -0.04967 -0.180614 0.138212 -0.0176996 -0.00651224 0.123316 0.111452 -0.164167 -0.153402 0.0078877 -0.0251907 -0.0160679 0.164159 -0.12801 0.132208 0.0704999 -0.126159 -0.20384 -0.150902 -0.14558 0.125166 0.031245 -0.127412 0.0195532 -0.192356 0.0284055 0.117154 -0.117879 0.160832 0.15737 -0.124867 0.205413 0.136058 -0.0471565 0.076005 -0.105691 0.145913 0.0691199 0.12013 -0.126088 -0.0424164 0.117138 -0.0480391 
0.175854 -0.110528 -0.133731 0.140064 -0.190066 -0.133433 -0.198666 0.172348 0.191549 0.0251013 -0.0536166 -0.200061 -0.127037 -0.193908 -0.0117269 -0.0902441 -0.174887 0.125964 -0.149608 0.148184 0.197858 0.133422 -0.0581708 -0.0897606 0.180813 0.0803844 -0.0126803 -0.12863 -0.0757845 -0.17192 -0.191999 0.160493 -0.0888409 -0.00132425 -0.11855 -0.151114 -0.0595584 -0.208904 -0.167363 0.167152 0.0257426 -0.0833399 -0.159062 -0.204494 0.120405 -0.191989 0.0205221 -0.108809 -0.0218805 0.0854362 0.144357 0.139275 -0.112008 -0.146322 0.118927 0.178828 0.119295 -0.171133 -0.172101 
-0.12161 0.0411598 -0.170733 0.00582477 0.172644 0.0952944 0.0844073 -0.0316422 -0.0293099 0.180115 -0.0377828 -0.148369 -0.00445855 0.160911 -0.125434 -0.0746037 -0.13168 -0.178246 -0.200355 -0.12707 -0.106376 -0.0677106 0.0440393 -0.165992 -0.010695 -0.203618 0.0480785 -0.0199244 0.20378 0.155476 -0.0109007 -0.170524 -0.024232 0.0973684 -0.146178 0.15541 0.0865902 -0.195801 0.141417 0.0626074 0.0915397 0.195096 -0.0513708 0.0522162 -0.124929 -0.12852 -0.103737 0.0977587 -0.038044 -0.177847 0.197782 -0.122334 0.0824441 -0.170005 -0.099219 -0.163485 0.146852 -0.0310696 0.136285 
0.196304 0.20603 -0.0849175 0.0356741 -0.0969151 -0.0851768 0.209006 0.107171 0.0258609 -0.0364744 -0.179414 0.132326 -0.00472279 -0.0211122 0.0714239 0.140267 0.0148336 -0.146556 -0.125232 0.153789 0.18836 -0.0344195 0.00222972 -0.167336 -0.0327428 -0.102519 0.0692102 -0.152925 -0.173095 -0.0834667 0.175985 -0.00188153 0.0957671 -0.0729815 -0.0545542 -0.198421 0.124294 0.189105 -0.0330464 0.208339 -0.160013 -0.109064 0.1242 0.0523593 0.120533 0.20824 0.188703 0.146601 0.0872896 0.0759542 -0.19623 0.166871 -0.0935487 0.178829 -0.0214648 0.106247 -0.130967 0.106012 -0.0428817 
0.139722 0.190663 0.0660496 -0.132338 -0.0453295 -0.00759729 -0.06278 -0.18942 -0.110192 -0.0451198 0.14931 -0.156238 -0.187809 -0.0250496 0.021513 -0.200944 0.0732598 0.143524 0.142167 0.0154451 0.0373761 0.0192668 0.0724657 0.180213 0.0651969 0.149921 0.113255 0.0846413 -0.165783 0.164115 0.110498 -0.182838 -0.0958184 0.17558 0.145646 0.0116222 0.119371 -0.0599773 -0.0876898 0.0399673 0.203438 -0.208958 0.188191 -0.0642776 0.0930325 -0.178669 0.0560426 -0.194061 0.0600838 0.133548 -0.159944 0.100938 -0.0642425 -0.20011 0.00149726 0.00501489 -0.0225405 -0.0695306 0.0268592 
0.0261076 -0.00717358 0.0617481 -0.0722473 0.133039 -0.000904425 -0.20795 -0.0703998 -0.151544 -0.206076 0.0483797 0.00786445 -0.0897259 -0.0119096 0.131649 0.0623298 -0.169806 0.00838452 0.169003 -0.0346627 -0.183744 -0.204296 0.142198 0.157661 -0.150829 -0.167532 0.13316 0.138035 -0.0953168 0.0318726 -0.144965 -0.103437 -0.0392616 0.160098 -0.0829077 0.00898475 -0.0954601 0.199369 0.0871033 -0.202725 -0.177642 -0.00985431 -0.0566132 -0.139381 0.0174504 -0.0821521 0.126397 -0.109312 0.134938 0.0411817 0.0265647 0.204973 -0.178478 0.074003 -0.0159931 0.116762 0.0297556 -0.0668163 0.200466 
-0.00809403 0.0847014 -0.0213006 0.0147057 -0.101354 0.147168 0.136009 -0.137213 0.0231122 0.163104 0.161745 -0.135415 -0.142395 -0.194257 -0.00839593 0.0197079 -0.144835 0.0268215 0.137243 -0.101655 -0.206717 -0.00326242 0.15208 -0.1713 -0.161224 -0.0967982 0.184465 0.136029 0.0020549 0.194724 -0.036296 -0.0231736 0.190233 0.00661526 0.122266 -0.00398312 -0.116915 -0.0356286 0.196024 0.153433 -0.199181 -0.0859656 -0.155421 -0.0754307 0.174607 -0.0237816 0.116152 -0.202262 -0.134605 -0.0976165 -0.105401 0.153333 0.036634 0.0700178 -0.200746 -0.121072 -0.0710738 0.160063 0.106851 
-0.0230231 0.206621 0.0406407 -0.0899562 -0.0513062 -0.191451 0.208682 0.0979021 -0.0681348 -0.0949711 0.0762378 0.0157368 0.123889 -0.0881333 -0.183533 0.00285517 -0.0116079 0.192509 -0.0899835 0.198578 -0.200142 -0.0726061 0.126492 -0.0904439 0.100559 0.0480475 0.196347 0.124024 -0.156195 0.15572 0.197043 -0.0202827 0.195372 0.00123911 -0.0221577 -0.208887 -0.0565614 0.0722375 -0.169243 -0.101293 -0.127817 -0.168666 -0.0152609 0.0990701 -0.0940179 -0.0219714 -0.147461 0.109098 -0.0890489 -0.0156338 0.020207 0.122134 -0.118413 -0.16168 -0.00698891 -0.122997 0.0609564 -0.182307 0.141771 
-0.113821 0.12564 -0.0178008 -0.151155 -0.0763591 -0.117975 -0.18999 -0.169499 0.0800105 0.0384106 -0.140616 0.150217 -0.0712048 0.00957272 0.072029 -0.112049 -0.0528626 0.0372153 0.0792653 -0.154955 -0.112707 -0.0391229 -0.103848 0.113723 -0.16529 0.00613992 -0.0605112 -0.0806595 -0.125239 0.181967 0.204725 0.121477 0.072925 -0.0380131 0.118455 -0.178535 0.00742134 -0.140239 0.0920141 0.201514 0.101293 -0.171573 0.197647 0.125655 -0.0257808 0.0788682 0.143563 -0.0409047 0.175762 0.00623688 -0.0188817 0.0751085 -0.0921294 0.198945 0.0973173 -0.134055 0.132604 0.0596299 0.18418 
-0.145479 -0.205752 0.0685668 -0.176078 -0.193987 -0.145859 0.112953 -0.0643754 0.0765835 0.0774194 -0.0427843 -0.171607 0.148708 -0.0880022 -0.118166 -0.174321 -0.18883 0.134238 0.155831 -0.182745 -0.127146 0.139967 0.118138 -0.17283 -0.190421 -0.0685226 -0.108621 0.0989268 0.146584 -0.00984629 -0.052731 0.130737 -0.0328342 -0.0907714 -0.0182886 -0.0265455 -0.192276 0.139463 0.176897 -0.0305276 -0.0549135 -0.178668 0.163196 -0.0906527 -0.19039 0.145133 0.00569316 0.125245 -0.0305082 0.207925 -0.090363 0.00388005 0.0861094 0.00202204 -0.133032 0.188142 -0.0685735 0.183779 0.0970711 
0.171982 0.0405516 0.0687197 0.158762 -0.140624 -0.0863617 -0.0541033 0.0118892 0.0258136 -0.109375 0.171404 0.107766 -0.00405132 0.00317795 -0.193083 -0.0528004 0.161699 -0.189191 -0.0632913 0.0418151 0.0457664 -0.149863 -0.0158448 0.0684388 -0.197162 -0.179394 -0.0216068 -0.16943 0.0551256 0.179499 -0.00495297 -0.102223 -0.196154 -0.153448 0.012494 0.068793 -0.0984386 0.191847 0.206195 0.0713138 0.0486991 -0.185552 0.179158 -0.191979 -0.000689044 -0.135498 -0.0481165 0.0883191 -0.176632 -0.146479 0.176321 -0.111776 -0.0127907 -0.194052 0.196136 -0.0527227 -0.0170517 0.176501 0.172322 
0.00243306 0.0192065 0.01523 -0.199575 -0.0150581 0.0666331 0.00129246 -0.0513248 -0.158281 0.12103 -0.0254574 0.167085 0.0376209 0.151193 -0.11918 0.0585972 0.144367 -0.0365755 0.166276 -0.0198127 0.15458 -0.145216 -0.128204 0.0148401 0.202425 -0.0457084 0.120845 0.184773 0.121279 -0.186155 -0.0577894 0.159751 0.0832875 -0.165123 0.00727086 0.0994277 0.172799 -0.17057 -0.0399566 0.110137 -0.10319 0.20015 0.032967 0.131612 0.115916 0.0293313 0.203121 -0.111144 -0.168313 -0.191865 -0.174584 0.133021 -0.111703 0.187543 -0.0329774 0.206857 -0.0991684 0.18658 0.119774 
-0.141675 -0.0977097 -0.172158 0.087202 -0.139334 0.00314848 0.149332 -0.086247 0.0367821 -0.193154 0.169994 -0.16703 0.0919042 -0.0825688 0.0625437 0.13808 -0.0993165 0.0179798 -0.153692 0.0406499 -0.175813 -0.0472373 0.14068 0.18903 -0.208814 0.050027 0.1764 0.0871935 0.156534 -0.198199 -0.026938 0.155236 -0.170397 0.150954 0.144594 0.0664396 0.0725637 -0.120208 0.131258 0.00740146 0.207988 -0.0821997 -0.100651 -0.0628541 0.029916 -0.0286995 -0.16027 -0.203322 -0.0635108 -0.123497 -0.157186 0.0816343 0.112781 -0.146401 -0.155707 0.082452 0.157952 -0.0222253 -0.0912307 
-0.113697 0.0473991 0.0872545 0.102586 0.0743477 -0.206424 -0.177245 -0.136403 0.0648635 -0.167077 -0.051481 -0.0645688 -0.180888 -0.157391 0.0426022 -0.0525253 0.149786 -0.0782588 0.207617 0.0582986 0.171988 0.177252 -0.0714116 0.112127 -0.0561336 -0.194587 -0.129474 0.00857759 -0.142063 0.162896 0.187849 -0.156043 -0.0315777 -0.171659 0.182235 0.104979 -0.19063 0.169982 0.0499823 -0.0332438 0.201351 -0.0173199 0.187843 0.0144112 -0.0904477 -0.0665549 -0.0918788 0.0182775 -0.0853008 0.188529 0.134389 -0.149118 -0.192641 -0.0368158 -0.0916302 0.0672912 -0.136063 -0.0878123 -0.0726354 
0.100021 -0.105155 0.202684 0.0994089 -0.124994 -0.0259239 0.0407328 -0.128038 0.124115 -0.100212 -0.202467 -0.00953979 0.158637 0.124072 0.152815 -0.0528774 -0.0529858 -0.156624 -0.106562 -0.104602 -0.0179354 -0.0627825 0.123144 -0.0951359 0.141656 -0.148196 0.0254554 0.120179 0.0690116 -0.196768 0.0716171 -0.0403214 -0.076416 0.000701082 0.140342 -0.122306 -0.0768929 0.135706 -0.0316226 -0.114202 0.148941 0.131167 0.135701 -0.0377502 0.0895207 0.124107 -0.0745196 0.13582 -0.156503 -0.102302 -0.0758739 -0.0743864 -0.0852996 -0.144215 0.0353827 0.190933 -0.0451889 -0.0207733 -0.162943 
0.0332566 -0.14174 -0.0296013 0.101659 -0.19498 -0.172131 -0.0239732 0.104708 0.0126354 -0.0666452 0.0229995 0.090479 0.0335415 0.159391 -0.20283 -0.0952781 0.128231 -0.152546 -0.205898 0.020498 0.186241 -0.143619 0.145856 -0.0471054 -0.00854401 -0.0234565 -0.0546217 0.146652 0.0623544 0.0307267 0.114257 -0.00515455 -0.179488 0.167869 -0.0984062 0.189426 -0.174595 0.179192 0.144601 -0.176584 -0.0748476 -0.0777823 -0.203821 -0.172154 0.0721862 0.00533047 -0.0224408 -0.204631 0.0834744 0.0131207 0.183171 -0.0495666 -0.108389 -0.187549 -0.177269 0.129934 0.192024 0.199279 -0.0921775 
0.191797 -0.0546785 -0.0327307 -0.155513 -0.0062918 0.0708244 0.209174 0.187751 0.0749051 -0.193089 -0.142479 0.20436 0.163776 -0.107769 0.107077 0.0326965 0.180586 0.0250591 0.0302211 0.0878827 -0.127117 0.0846761 -0.181037 -0.168075 0.0512224 0.0894529 -0.199533 -0.00560566 -0.150735 -0.0634092 -0.129488 0.0778291 0.203815 0.00123155 0.128734 0.0233803 -0.0931742 -0.163595 0.0123318 -0.0426029 0.143508 -0.113293 -0.136902 -0.109428 -0.00797627 -0.117298 -0.0432275 0.208794 -0.198565 0.177609 -0.0307174 0.193837 0.190663 0.0605321 0.0190165 0.076233 0.110694 -0.120744 -0.135917 
0.0504427 0.128667 0.185754 0.124047 0.113177 -0.108614 -0.0488655 0.0531973 0.0523549 -0.12088 -0.0849924 0.0468043 -0.0276352 0.173604 -0.0766644 0.102415 0.141416 0.0953683 0.193775 -0.0169778 -0.0847028 0.123839 0.0332891 0.151527 0.117083 -0.171416 -0.0534827 0.0286578 -0.150842 0.0981069 -0.128176 -0.0173606 0.137352 -0.00856686 -0.137258 -0.0675304 -0.0407836 0.0362929 0.130443 0.0369852 -0.0592505 -0.201726 0.0844867 -0.0873426 -0.0955445 0.184523 -0.201559 -0.20258 -0.201176 -0.153022 -0.00965721 0.0417766 0.157144 0.063479 0.0308752 0.0492444 -0.197644 -0.200362 -0.174552 
0.111794 0.16747 -0.167873 0.0164736 -0.0868913 -0.00911271 -0.0568226 0.139384 0.155916 -0.0510887 0.0644154 0.190781 -0.0846885 -0.0838444 0.0792419 -0.197416 0.179362 0.0746844 -0.179694 -0.191075 -0.0664557 0.193469 -0.0517515 -0.149242 -0.0101054 -0.172343 -0.0679967 0.0371687 0.110127 -0.0263967 -0.0998824 -0.143707 0.113793 -0.134845 -0.0260334 -0.0839359 -0.0516163 -0.184643 -0.150375 -0.136003 -0.197145 0.111252 -0.122183 -0.0892226 0.0341891 0.0679752 0.0278682 0.0226592 0.0867733 0.0342303 0.116828 0.0178844 -0.0522686 -0.19652 -0.0890781 -0.00524852 0.133562 0.118235 -0.14134 
-0.178632 -0.0246279 0.119746 0.175165 -0.00327661 0.206268 0.10155 0.18607 -0.066453 0.196105 -0.153364 0.119991 -0.126421 -0.0635517 -0.00313184 -0.0758482 -0.12472 0.0487953 0.0104112 0.0643325 0.111458 -0.125733 -0.0040679 0.208519 -0.115635 0.157929 -0.181149 0.179018 0.0557749 -0.146201 0.0279975 0.0968134 -0.0695779 -0.112217 -0.0717484 -0.141321 0.157371 -0.0350476 0.0980016 0.0960494 0.178484 -0.102838 -0.0905152 -0.203983 0.0527191 -0.017584 -0.182901 0.00661667 -0.170302 0.116673 -0.0386788 0.070325 0.165404 -0.189777 0.00582454 -0.12255 -0.178977 0.00488986 -0.108387 
0.156488 -0.0345156 -0.0508374 0.103451 0.167643 0.166059 -0.182083 -0.1684 -0.0458468 -0.0152625 0.163545 -0.00455501 -0.111153 -0.0248132 0.0270109 0.158046 -0.185433 0.161399 -0.145262 -0.00966129 0.07255 0.0745267 -0.085201 0.184158 -0.126298 0.0379098 0.046728 -0.138013 0.177487 0.100209 -0.105827 0.0211067 -0.186116 0.0986176 0.174485 0.0243481 -0.0183359 -0.0947035 -0.141726 -0.13943 0.120002 -0.0869501 0.208948 0.0527809 0.167795 -0.0634164 0.163021 -0.00297399 -0.160842 0.00525757 -0.115764 0.0106841 0.101382 -0.109206 -0.0545915 0.0519126 -0.195599 0.1195 0.103392 
-0.0346064 0.0253762 0.0124689 0.180954 -0.168447 -0.111499 -0.0394669 -0.0838808 0.189046 -0.0844036 0.0699798 -0.13136 0.143235 0.0741089 -0.164705 0.0439814 0.101984 0.160533 0.157533 0.102515 -0.175913 -0.13717 -0.169643 0.172747 0.0803521 0.026059 -0.0298667 -0.175314 0.126909 0.0235329 0.175905 -0.1038 -0.188493 0.071083 -0.0244417 -0.0534274 -0.121431 0.102329 0.14624 0.209095 0.146566 0.191569 0.133623 -0.18441 -0.102912 0.177368 0.147695 -0.0775587 -0.190341 0.0906659 -0.134241 0.128413 0.128422 0.00866481 0.0906708 -0.0138923 -0.112037 0.109674 -0.124555 
-0.0731632 0.103512 -0.00261882 0.150342 0.133295 0.2088 -0.141395 -0.0410571 -0.0879992 0.0150988 -0.169016 -0.0211299 0.175553 -0.00568866 -0.122417 -0.170448 -0.104103 0.104198 0.192917 -0.128976 -0.0915399 -0.110085 -0.0782283 0.031447 0.111313 0.125328 -0.00408786 0.0448176 -0.122475 0.129798 -0.0988515 -0.0425834 -0.194218 -0.0858282 0.186585 -0.0528129 -0.0372978 0.0145984 0.0222099 -0.169141 0.161532 -0.119245 -0.126699 0.206687 0.196929 -0.10032 -0.0524961 -0.199843 0.184562 -0.062672 -0.16548 -0.100417 0.134575 -0.0322548 -0.177253 0.188182 0.204182 -0.0339271 -0.036173 
0.0630159 -0.0840733 -0.0484731 0.184578 0.153845 -0.0721267 -0.200938 0.00756042 -0.170362 0.0154627 0.0768078 0.188601 -0.0952594 0.158372 -0.114514 -0.0604064 -0.141768 -0.176012 -0.165602 -0.0522762 -0.198693 0.0490716 -0.0648512 0.0282684 -0.13355 0.105051 -0.119711 -0.0951237 -0.117502 -0.0373856 0.0997902 0.1895 0.0348904 -0.0547829 0.0600568 0.00621857 0.176509 0.199955 -0.178753 -0.207864 -0.185163 -0.0683285 0.0423198 -0.064321 0.194097 -0.132199 0.103963 -0.127101 -0.138312 -0.0674092 -0.0304898 -0.100897 0.0494815 0.0757296 0.185894 0.054916 0.141866 0.0487541 -0.0320671 
-0.0535337 0.0443365 -0.126517 -0.0102618 0.0645863 -0.0201187 -0.100431 0.18991 -0.0997054 -0.00308424 0.101266 0.0308117 0.114687 -0.0615508 -0.0271288 -0.0471061 -0.112579 0.00370836 0.0152647 -0.00405969 0.112937 -0.116608 0.0072828 -0.203703 0.0548476 0.107062 -0.0712156 0.160392 -0.0497141 0.128572 -0.0393271 -0.120871 -0.0240212 0.209004 -0.18821 -0.124524 0.159129 -0.0735209 0.112648 -0.148968 -0.194012 -0.159447 0.0842579 -0.0456014 -0.177202 -0.110488 0.183926 -0.0700391 -0.0883735 0.0721005 0.00261587 -0.0842371 -0.0195777 -0.0681849 -0.187837 -0.0501556 -0.102051 -0.166398 0.177463 
-0.145999 0.154951 0.0593343 -0.148623 -0.0492934 0.000475066 -0.152076 -0.0637522 0.0341131 0.0295197 0.110655 0.0274388 0.00993749 -0.0697314 0.0476779 0.065032 -0.161471 -0.013545 0.00790199 -0.114098 0.0466641 0.194412 0.0563758 -0.165555 0.0827871 0.0955803 0.0976699 0.0165356 0.0430878 0.0221094 0.171041 -0.163158 0.20043 0.095296 -0.167766 -0.0833355 0.184242 -0.0655291 0.0690762 0.170523 0.10202 0.0388156 0.0608384 0.202963 0.0965514 0.16507 -0.0295596 -0.17105 -0.126719 -0.0822801 -0.14181 0.104105 -0.0423837 -0.204853 -0.0814641 -0.199175 -0.0280739 -0.108689 0.205304 
-0.0556358 -0.114879 0.0114579 -0.177753 0.0413043 0.157204 0.119418 0.183946 -0.141051 -0.0209807 -0.186956 -0.00577621 0.122281 -0.206794 -0.117802 -0.156015 0.0992079 0.0037479 -0.0104848 -0.0538795 0.0745612 0.160457 0.0784295 -0.0807524 -0.0263834 0.0723415 0.0532613 0.0779377 -0.151302 -0.111595 -0.175075 -0.201738 -0.0985277 0.0750914 -0.20459 0.153278 -0.139079 0.0280748 0.186713 -0.188795 0.193004 -0.0844808 0.129822 0.0215097 -0.102137 -0.106682 -0.111857 0.0347137 0.0635742 0.0478015 0.0127384 -0.178354 -0.0785289 0.180558 0.199509 0.140619 0.0528326 0.158784 0.110544 
0.204535 -0.102856 0.0100146 0.14199 0.162982 -0.117669 -0.195819 -0.116874 -0.029786 0.0241125 0.023428 -0.193657 0.0858234 0.0170282 0.205321 -0.0174147 0.0806516 0.072826 -0.0465047 0.125858 -0.114654 -0.00206265 0.147674 0.194634 -0.101453 0.151359 0.188621 -0.0194516 0.15916 -0.135485 0.151236 -0.179047 0.0586589 -0.0759049 -0.128187 0.0316983 0.0542929 -0.0793112 -0.134807 0.0121583 -0.0186777 0.0666561 0.20172 -0.199899 -0.0764236 0.123561 0.160472 -0.023836 0.1953 0.0361316 -0.039756 0.156634 0.161094 0.0554004 0.1222 -0.15731 -0.154148 0.18623 0.148928 
-0.130168 0.19399 0.139879 -0.0580289 0.143844 -0.178765 0.177828 0.0290864 -0.116015 0.100934 -0.121106 0.0440232 0.0738707 -0.133637 0.00458814 0.176084 0.157817 -0.1464 0.0851398 -0.120365 0.17293 0.159795 -0.183242 0.102638 -0.133815 -0.19475 0.162517 0.0978498 -0.0205732 0.168612 -0.0374688 0.00130836 0.0923506 -0.0282469 0.0574352 0.0260236 -0.0790745 0.0165719 -0.147164 -0.025069 -0.113898 -0.193054 0.113421 -0.201736 0.183859 -0.0110762 -0.0651725 -0.0499714 -0.187466 -0.192184 0.143558 -0.152695 0.124844 0.0618227 -0.0630194 -0.0723618 -0.124384 0.180979 0.200543 
-0.0965942 0.0568669 -0.0282709 0.109398 0.206835 -0.182857 -0.0716721 -0.125743 0.00429797 0.0543576 -0.0505273 -0.176242 -0.147401 0.0996791 0.00966558 -0.0397508 -0.063063 -0.197797 -0.0599772 -0.0642971 0.193119 -0.111842 -0.0965322 0.158615 0.178637 -0.0338563 -0.022453 0.180315 0.0456785 -0.184261 0.0597819 -0.112538 -0.0554701 -0.16634 0.168278 -0.0381471 0.0574312 -0.00643171 -0.0307909 -0.123812 0.0410667 -0.0775356 0.139204 -0.0531516 -0.149641 0.109544 -0.0817658 0.0513681 0.176261 0.148811 0.188505 -0.0266615 -0.0586237 -0.186819 0.121359 0.192097 -0.00335479 -0.186169 0.152344 
0.145051 -0.0406656 0.0622334 0.164004 -0.104379 0.0603452 0.0486512 -0.0205565 0.00231649 0.073256 0.0661432 0.168923 0.17461 -0.0633048 0.082286 0.0163445 -0.0232087 -0.139555 -0.0862951 0.104384 -0.0315363 -0.0319348 0.0324919 -0.158578 -0.0809685 -0.0646001 0.12723 -0.151687 0.160653 0.2037 0.148801 -0.0637819 -0.0202981 -0.179492 0.0408395 -0.158767 -0.109037 -0.205888 -0.0405896 -0.0228144 -0.0506007 0.0212832 -0.123329 -0.0382138 0.0276715 0.110417 -0.0948476 -0.0250126 0.0954285 -0.195571 -0.0408788 -0.031297 0.0178543 -0.193406 0.0405446 0.183225 0.0279455 -0.0308748 0.111763 
0.174117 -0.194288 0.0613525 -0.0694106 -0.0859366 0.086253 0.0223595 0.0347437 -0.0372334 0.0292631 0.173407 5.9745e-05 -0.15451 -0.0804667 0.17057 0.0457969 -0.194458 0.0743687 -0.0631785 -0.140596 0.113045 -0.0935782 0.164259 -0.118063 -0.174862 -0.0685053 0.188999 -0.157826 -0.0136732 -0.133032 0.19278 -0.194908 -0.0623498 0.14692 0.0713432 0.0485623 -0.0724306 0.180377 0.169419 0.121727 -0.157264 0.179238 0.0487021 0.0109348 -0.190392 0.06234 -0.0473643 -0.155795 0.119903 -0.115226 0.198339 -0.143603 0.032232 0.0110296 -0.162542 0.159091 -0.127028 -0.159306 0.153956 
-0.0731939 -0.200426 0.0701237 -0.122905 0.150541 -0.20101 -0.106496 -0.0404787 0.118869 0.101619 0.0710151 0.209265 0.00163223 0.115763 0.0355491 0.200214 -0.15772 -0.0594734 0.144237 0.140595 0.151437 0.105694 -0.0943739 -0.0527048 0.097928 0.124225 0.0176209 0.184052 0.113932 0.0652659 -0.0411072 -0.01815 -0.0747388 -0.00768938 -0.0677947 0.128488 0.104015 -0.0545409 -0.106033 -0.111773 -0.0985241 0.0575008 -0.149451 0.127281 0.0614001 0.149041 -0.141068 -0.105775 -0.0864683 0.179873 -0.0598353 -0.0550938 -0.197643 0.073142 0.0104367 0.190092 0.0404502 0.0301835 -0.147145 
0.0397653 -0.140569 0.0618148 -0.1705 0.175755 0.0500783 0.107304 -0.200108 0.00160734 -0.005389 0.108207 -0.156226 0.0388531 0.187122 -0.0437998 0.150602 -0.177301 0.156407 0.0766049 -0.0677812 -0.0734574 0.0318635 -0.0955972 -0.120518 0.170886 0.0543994 0.0387866 -0.0445922 0.16433 -0.0386957 -0.02881 0.087202 0.0994986 -0.200373 0.190913 -0.171815 -0.0432136 -0.0848738 0.135856 0.087421 -0.189207 -0.155223 0.0528016 0.138584 0.0671337 -0.205746 0.140044 0.128588 -0.163601 -0.0820397 -0.170158 -0.0234943 0.00925105 -0.111409 -0.0935649 0.035852 -0.0856234 -0.151872 -0.108976 
-0.17995 -0.016051 0.158441 -0.122981 0.13085 -0.173451 -0.0230615 -0.121101 0.18185 0.163533 -0.130079 -0.12654 0.14267 0.00625351 -0.187336 -0.0671425 0.0657114 -0.191591 0.0234241 -0.174616 0.0359514 0.0133917 0.0987818 -0.0291866 0.0473943 0.100307 -0.104739 0.192166 -0.0948197 -0.186919 0.0457278 0.113519 -0.130777 -0.0685619 -0.0359652 0.189209 -0.142985 0.121803 -0.159247 0.0531795 -0.195393 -0.200104 -0.0161717 -0.105681 -0.186029 0.0401123 0.195916 -0.191756 0.186131 -0.129507 -0.0745346 0.038823 0.100566 0.16317 -0.159177 -0.025948 -0.00893344 -0.0667104 -0.00660753 
0.0164595 -0.168261 0.0125938 0.197912 -0.0856687 -0.0184527 0.0885094 0.0863068 -0.114654 -0.148233 0.191773 0.0329118 0.124013 -0.149141 -0.184205 -0.205376 -0.062785 0.0908352 0.132261 0.0476309 -0.11803 0.146438 0.160129 -0.1803 0.202882 -0.0796332 -0.183289 -0.153165 0.176745 -0.0116501 -0.00823407 -0.0976954 0.168265 0.0523298 0.0869602 -0.0539828 0.100154 -0.0827193 -0.148823 -0.0307881 -0.0155798 -0.190857 -0.200084 0.121439 0.115019 -0.171989 -0.12773 -0.109777 0.0237 -0.100181 -0.139629 -0.131482 -0.063792 0.0900776 0.0752807 -0.0878304 -0.14955 0.124649 0.00874003 
-0.150992 -0.162382 0.0743725 0.130023 0.118137 -0.124141 -0.0383767 -0.18665 -0.060168 0.162099 0.0842231 -0.199371 -0.149449 -0.164013 -0.113503 -0.110094 -0.158083 0.0885905 -0.0856606 -0.167689 -0.179893 -0.197464 -0.105992 -0.193544 -0.130756 -0.140315 0.0913039 0.121294 -0.0610645 -0.00831591 -0.0785607 -0.127056 -0.155381 -0.153156 -0.176602 0.0483726 0.143038 -0.102375 -0.0516833 -0.140262 0.155084 -0.133102 -0.119096 -0.10912 0.145967 0.0731314 0.0275906 0.161023 -0.0355652 -0.0684773 0.0655825 0.0263804 -0.119523 0.0603508 0.0638782 -0.155256 0.108172 -0.106897 -0.0601064 
-0.147653 0.172907 0.130892 0.117025 0.0375018 -0.180901 0.0570846 -0.152763 0.184299 -0.207354 0.0695314 -0.0662253 0.0785602 -0.141442 0.107868 0.203405 0.0191841 0.137035 -0.0460706 0.0856119 0.196446 0.189177 0.129487 0.0881824 0.202803 0.0875566 0.207014 -0.188915 -0.019255 -0.0733874 -0.0867331 -0.157782 -0.053193 0.161209 -0.166242 -0.170448 0.144007 0.0115988 -0.128054 0.162011 -0.190827 0.0404928 0.016532 0.0802075 0.208842 -0.155121 -0.0191653 -0.169644 -0.0331927 0.0147292 -0.190243 0.166678 -0.0966506 0.118603 0.147569 -0.124661 -0.00238455 -0.198962 -0.15588 
0.166736 0.194569 -0.00268406 -0.142206 0.167756 0.188361 -0.028149 0.0451524 -0.203636 0.109591 -0.0753289 -0.0621241 0.147184 -0.14927 0.147892 -0.0205079 0.102059 -0.0827475 -0.11365 0.00492758 -0.0485439 -0.0583981 0.157136 0.0106622 0.0353926 -0.146967 -0.180857 0.0532197 -0.159056 -0.151434 0.128765 -0.195489 0.150837 -0.158047 0.17315 -0.19756 0.180344 0.0149465 -0.0236203 -0.144073 -0.0813878 -0.179464 -0.0512292 0.151794 -0.0941545 -0.0958344 -0.0952561 -0.0985416 -0.00437904 -0.194946 0.190246 -0.182573 -0.150928 -0.0424637 -0.185515 -0.118979 0.14981 0.126551 -0.034588 
0.0410706 -0.0647783 0.00195423 0.014406 -0.196267 0.0268587 0.0635156 0.142166 -0.0214745 0.157641 0.0511704 0.0838564 0.0129977 -0.130501 0.160663 0.0935193 0.18611 0.107658 -0.0218291 0.203371 0.203297 0.113616 0.128174 -0.200663 0.0793591 -0.0119058 -0.0903499 0.0639807 0.112403 -0.0181952 0.0554382 0.0763771 -0.150824 -0.185296 0.192329 -0.173258 -0.0123491 0.00563398 0.126229 0.0220612 0.13472 0.193014 0.041383 0.0594015 -0.0740333 0.199408 0.117588 0.143293 0.0482413 -0.0688926 0.128318 -0.174827 0.140092 -0.122804 0.183807 0.0839237 -0.0974827 0.0114401 0.103446 
0.00958676 0.0326158 0.0834682 -0.0639323 -0.203861 0.0524287 0.201756 -0.0504935 -0.134057 -0.0570099 0.208433 -0.163359 -0.186473 -0.0560455 0.138236 -0.0219874 0.157685 0.184732 0.00685436 -0.00101696 -0.138699 -0.17759 -0.141006 -0.17339 0.102528 0.0524015 0.177107 0.185932 -0.0919279 -0.193672 -0.049713 0.062419 -0.16257 -0.0741026 0.104873 0.02728 0.0291364 -0.155632 -0.103795 0.136146 -0.11786 0.205153 -0.101586 -0.0353222 -0.154735 -0.141301 -0.198959 -0.0557508 -0.0814228 0.188123 0.187691 -0.124689 -0.101202 -0.14484 -0.0887659 0.146775 0.087093 0.0940465 0.0701522 
0.0727398 0.175723 -0.0212489 -0.0311768 0.0370451 -0.0680607 -0.0585238 -0.0893897 0.12333 0.158104 0.102577 -0.0388219 -0.0998593 -0.0693078 0.167764 0.151518 -0.03205 0.0671237 -0.10735 0.193479 -0.130977 0.0237274 0.0946258 -0.0903829 0.0288673 -0.0133056 0.181701 0.0475965 -0.208303 0.112165 -0.0349107 0.196582 0.0521295 -0.169151 -0.167798 -0.110674 -0.00195742 -0.00638493 0.0971712 -0.0349922 -0.0577982 0.0832731 0.18035 -0.0208553 0.0433858 -0.00736892 -0.153021 -0.194829 0.00579805 -0.194019 0.165843 -0.184778 -0.0973 0.0651043 -0.199731 -0.110591 -0.0769698 -0.167659 -0.0679246 
-0.133617 -0.155475 -0.13475 0.0376672 -0.0404014 -0.0451469 0.153156 0.0821246 0.0236935 0.0966026 0.0372363 -0.147383 0.1751 0.185889 -0.165002 0.138718 -0.105974 0.0449442 -0.133929 -0.0748604 0.186746 0.0465296 0.0668661 -0.0187181 0.0849235 0.0459103 0.12683 0.194907 0.0271196 0.176384 -0.188947 -0.159675 -0.0532784 0.09643 0.0743845 -0.0858271 0.0896946 -0.0237867 0.176264 -0.0391579 0.201441 -0.117227 0.0558339 0.177041 -0.104476 -0.0849648 -0.0662435 -0.0413314 0.0532038 -0.0195592 -0.0801429 -0.0316536 0.13063 -0.130481 -0.164917 -0.0508505 -0.0329009 -0.155077 -0.184096 
0.103166 0.116899 -0.0706542 0.0994777 0.0902803 -0.0787975 -0.00473721 -0.0266204 0.163419 0.0670022 -0.0106307 0.186078 0.136164 0.0797842 0.19541 -0.10708 -0.15028 0.152862 -0.100593 -0.179708 -0.145289 -0.186084 0.197528 0.0571912 -0.132192 -0.131102 0.206769 0.18347 0.0515517 -0.127424 -0.024278 0.0540398 0.119587 -0.16979 0.146033 0.101102 -0.0355852 -0.0417419 0.204064 -0.0697627 -0.0383888 0.174249 -0.137574 -0.0562752 -0.00055099 0.0891993 0.0958039 0.189986 -0.123074 0.0392114 -0.129261 0.194429 0.162884 0.180073 0.0832032 -0.0339195 0.133734 -0.154908 0.0467009 
0.166892 0.149831 -0.174587 -0.139577 0.0482499 0.0717699 0.00441508 0.172956 -0.0370077 0.0916532 -0.0119511 -0.0691021 0.0613245 0.0988957 -0.0909034 0.0859675 -0.197835 0.185192 -0.204553 -0.0770253 0.19723 0.0688843 0.0402244 -0.0455336 -0.179802 0.201157 -0.0980798 0.0989009 -0.168071 0.104665 -0.0780543 -0.201404 -0.129047 -0.1839 0.0903382 0.199258 -0.0736152 -0.164541 -0.129416 0.014144 0.14485 -0.150302 0.0471848 0.114315 0.0664497 -0.0512353 0.141208 0.156284 -0.106048 0.0681858 0.178569 -0.0953411 0.0284318 0.192862 0.136141 -0.11163 0.0908637 -0.189281 -0.0493957 
0.0212307 -0.0993326 -0.147838 0.104593 -0.114017 0.0237249 0.0560011 -0.1204 -0.0937579 -0.204868 -0.202707 -0.00725928 -0.208718 -0.165614 0.0154952 -0.144814 0.133137 -0.0487527 -0.14651 0.153922 -0.186186 0.0908539 -0.00222234 -0.0749991 -0.129644 0.0179686 -0.124649 0.0844419 0.188688 -0.153411 0.151872 -0.0256083 -0.0691441 -0.0532552 0.12716 0.0207157 -0.144174 0.0465603 0.0876335 0.0722411 -0.149436 -0.161387 -0.073174 -0.0795459 -0.0563766 0.0466292 0.114785 0.157237 0.134068 0.080436 -0.0731328 0.039579 0.0540288 -0.152746 0.0589558 -0.0115817 -0.116833 -0.183168 -0.129525 
-0.134747 -0.00263426 0.103365 0.0401134 -0.106721 -0.0768298 -0.163948 -0.0562116 0.0531073 -0.167016 -0.199776 0.200131 0.208072 -0.0663212 -0.000141308 0.189175 -0.201069 -0.162542 0.0760436 0.0444037 0.186055 0.0263652 0.1693 0.040902 0.0406833 0.0600744 -0.125101 0.0692707 -0.182198 -0.0506893 -0.0974371 0.135974 -0.171294 -0.120669 0.0163631 0.119884 -0.0128038 0.0401101 -0.00166654 0.121491 -0.0296697 -0.0266226 0.121504 0.0657372 0.101983 0.00454387 0.0962263 0.183959 -0.101255 0.185141 -0.130423 0.159415 -0.186018 0.145268 0.180476 -0.0259051 -0.151362 -0.0987754 -0.180561 
0.0188667 -0.161541 -0.0617615 0.0748571 -0.00149311 0.0379637 -0.110161 -0.085101 0.132854 0.0147953 0.154156 0.00557894 -0.0422396 0.206091 0.0783724 0.156884 0.178477 -0.20793 0.201376 0.129497 0.134677 0.156207 0.12905 0.106808 -0.197538 -0.206204 0.203615 -0.0251823 0.0807957 -0.0930279 -0.015792 0.15742 0.155293 0.0796458 0.181917 0.0101221 0.00332673 0.0333901 0.0936207 0.09501 0.0155046 -0.115317 0.0935464 -0.0898878 -0.011406 -0.190395 0.208182 0.0848191 0.0130324 0.147491 -0.106197 0.159865 -0.0785574 0.0639909 0.119136 -0.133986 -0.0382934 0.204075 -0.136292 
0.150539 0.131886 0.0921266 -0.0698654 0.0216427 0.0417244 0.155181 -0.154834 -0.162887 0.192325 0.0648811 0.104503 -0.0280771 -0.0089042 -0.10546 -0.078973 0.20357 0.0589997 -0.180085 0.204662 -0.167529 -0.00539304 -0.0240144 -0.000770255 0.0585695 -0.109697 -0.18144 0.189216 0.116901 -0.0875328 0.00576592 -0.0189699 -0.130707 0.17889 0.0604919 -0.0536325 0.029381 -0.0420712 -0.198888 -0.000686538 -0.182036 -0.120281 -0.0383184 0.00681954 0.148064 -0.0755869 -0.151513 0.00930263 0.111131 0.16063 -0.0763484 -0.141469 -0.0879876 0.122431 -0.0730459 -0.148281 -0.0522567 0.175358 -0.0486859 
-0.0975325 -0.200322 0.105842 -0.152653 0.165395 -0.147485 0.104018 0.170553 -0.0690961 -0.0907986 0.0211958 -0.0758146 -0.170595 0.169447 0.00288585 -0.0336264 0.182149 0.0274875 0.0142489 -0.141644 0.207584 0.189223 0.052281 -0.0176167 -0.121742 0.109258 -0.0413855 -0.128093 -0.182701 0.0471775 0.18491 -0.191676 -0.0244372 -0.191814 -0.113229 0.133616 -0.0664904 -0.158361 0.0797095 0.208298 -0.0622965 0.0798999 0.0490969 -0.0648098 -0.163936 -0.0772343 -0.171012 -0.0765987 0.203036 -0.126109 0.122399 -0.0494234 0.169348 -0.128733 -0.0362209 -0.114715 0.0518434 -0.198746 0.0657585 
0.0807447 0.203631 -0.0269566 0.118276 -0.0292154 0.112217 0.201034 0.079341 -0.149815 0.127961 -0.0667297 0.188054 0.098698 -0.043934 0.182564 -0.104416 0.114196 -0.0899868 -0.0479478 -0.179709 0.0705362 -0.176751 -0.172839 -0.118969 0.175768 0.0413101 0.176773 0.000418551 -0.0520241 0.185761 0.0902405 -0.0778099 0.0227618 -0.0315291 0.114721 0.0473383 -0.00211738 -0.0467391 0.0147334 -0.0299363 0.158417 0.0216031 0.057323 -0.0861779 -0.171786 0.174736 0.165982 -0.0292536 -0.0941623 0.176595 -0.100506 0.138205 0.151862 0.20083 0.0696629 0.0908169 -0.134094 0.0647366 0.0294259 
0.00228085 0.177996 -0.113099 -0.127295 -0.204153 0.172051 -0.0871121 0.187402 0.124515 0.00116799 -0.00555504 0.0955723 -0.0318749 -0.156409 -0.15805 0.0456109 0.0732977 0.203949 -0.129276 -0.0610164 0.0308294 0.156025 -0.0448898 -0.107605 -0.158218 0.0366084 -0.0489326 0.0429664 -0.202702 0.0630823 0.190617 0.0574141 -0.14261 -0.0972989 -0.104606 0.0223833 -0.0850356 -0.203456 0.126844 0.0932362 -0.0150822 0.112105 -0.0547269 0.028137 -0.0967684 -0.019761 0.117985 0.110464 -0.133094 -0.0508667 0.00853938 -0.121652 -0.0845452 0.0561714 -0.00948585 -0.183976 0.0233683 -0.172032 0.0139282 
0.132006 0.157433 0.0662511 0.0593628 0.140703 0.0453964 -0.0560676 -0.0894894 0.180477 -0.0486381 0.125053 0.128039 -0.112379 -0.0873761 -0.0577401 -0.0270293 0.0913946 0.20037 -0.0111563 0.0999446 -0.0137573 -0.0999362 -0.132308 -0.0976724 0.121143 0.0532908 0.101142 -0.133319 0.110662 0.0270609 0.149162 -0.0980881 0.00778685 -0.183834 0.00424151 -0.189528 -0.11966 0.148941 -0.119692 -0.0451897 0.131654 0.140082 0.115811 -0.0176317 0.118879 -0.0460973 0.0948739 -0.0499699 -0.035719 -0.0319537 0.073987 0.0134117 -0.00610677 -0.182094 -0.0982668 -0.192305 0.193517 -0.0627224 0.161636 
0.166408 -0.131185 0.188272 -0.115797 0.0941428 -0.134702 -0.207944 0.0272424 0.135006 0.12321 -0.137254 -0.0606014 -0.0975899 -0.0496892 0.0291084 0.114165 0.0465662 0.188626 0.133299 -0.105269 -0.150563 -0.127673 -0.122967 0.0983308 0.0734126 0.188138 -0.0722014 0.205759 0.0309957 0.12713 -0.156486 -0.141646 0.176399 0.185366 -0.151772 0.077019 -0.176233 0.206633 -0.119333 -0.017967 0.184635 0.0505457 0.159181 -0.165194 0.151058 -0.00989268 -0.0673289 -0.149275 -0.0206241 -0.154153 0.0826125 -0.117483 -0.00649364 0.01497 -0.200179 0.209113 0.104325 0.0131447 -0.0408176 
0.0780237 -0.121606 0.0239055 0.138751 0.122437 -0.180612 -0.032174 0.000362885 0.167643 0.0823 -0.0360249 0.103799 0.191692 0.0741083 0.0824297 -0.092369 -0.0380375 0.0344283 0.104479 0.0830761 -0.0838101 -0.16642 -0.151103 0.166062 0.039504 -0.0922477 0.00342314 0.147634 0.205053 0.0270269 -0.192209 -0.179921 0.0294947 0.0563847 -0.173582 -0.170395 0.15469 0.00696654 0.0454144 0.0960102 0.17631 0.0409549 -0.0547172 0.0455477 -0.00921675 0.0355588 0.039884 -0.049798 0.0113124 0.163028 -0.161371 0.199205 -0.180831 0.158347 0.193441 -0.203917 -0.16219 0.129589 -0.0986758 
-0.0427936 -0.208303 0.0948244 -0.0804876 -0.170902 0.205754 -0.104214 0.0309378 -0.113739 0.0151666 0.106859 -0.196278 -0.114112 0.0380363 -0.148787 0.0681513 -0.132841 -0.0245836 -0.108402 0.164082 -0.0299651 -0.0373407 -0.0535467 0.0174832 -0.00985954 -0.0359695 0.183764 -0.148036 -0.139815 0.0521969 -0.199595 0.0298535 -0.0448938 0.0876619 0.203407 -0.0308665 -0.15797 -0.00642501 0.112941 0.158536 -0.0964646 -0.149613 -0.201316 0.0983613 0.0685819 0.144232 0.105274 0.133388 -0.11155 -0.17208 -0.0134499 0.0373043 0.140153 -0.199371 0.198657 -0.0530273 -0.178961 0.0374499 0.137308 
-0.114598 -0.0555353 -0.104287 -0.0518303 -0.0425378 0.0700979 0.15021 0.0787832 -0.16307 0.0991509 0.150615 -0.065466 -0.0873745 0.0754548 0.199884 0.0234966 0.0947041 0.105142 -0.192534 -0.00614317 -0.11589 -0.0417344 0.138036 0.0344659 0.124483 0.174784 -0.0557231 0.194543 -0.191255 -0.00101296 -0.0368776 -0.160865 -0.117051 -0.185179 -0.143127 0.120855 -0.015935 0.139239 0.111059 -0.174342 0.0244845 -0.0333358 -0.127526 0.0253446 0.0869094 0.180474 -0.0468378 -0.113038 -0.170757 -0.163838 0.0248696 -0.118317 0.0587399 -0.0152922 -0.099463 -0.172751 0.0275027 0.203512 0.196369 
0.102189 -0.0449366 -0.17866 -0.0244208 -0.118181 0.176951 -0.00501554 0.00365948 -0.0798469 -0.137425 0.0997415 0.115492 -0.0285474 0.0537585 -0.174521 -0.015436 -0.0585786 0.0483647 0.119033 0.164222 -0.0725093 0.0392413 0.134699 -0.0891591 0.1505 0.0180108 -0.0804041 0.100767 -0.172603 0.0157513 0.0989865 0.101723 0.133166 0.0477073 -0.101549 0.0555104 -0.117475 -0.19821 -0.155961 -0.113962 0.04967 -0.0257215 0.0938642 0.0221033 -0.208934 -0.156678 0.047519 -0.159489 0.138722 -0.130467 -0.155871 -0.0126986 0.104938 0.0804621 0.099179 0.119533 0.0426651 0.125326 -0.185814 
0.0127575 -0.162877 -0.0792148 -0.167707 0.0204402 -0.0130378 0.099103 0.096547 0.0417903 0.0932085 0.14363 -0.0333212 -0.057351 -0.0920928 -0.102667 0.0199975 0.138457 -0.0847938 -0.0554621 -0.186339 -0.0390126 0.118818 -0.101999 0.080985 -0.0927776 -0.208801 -0.0765793 -0.140106 -0.20354 -0.197817 -0.0539468 -0.0711462 -0.0525925 0.200917 -0.0969937 0.199716 0.15437 0.100021 -0.189957 0.0229997 -0.0639739 0.0338321 0.14223 0.17892 0.157029 0.0895759 0.155388 -0.0191941 0.010965 0.136456 -0.000905717 -0.079696 -0.195781 -0.154099 0.0931764 0.171758 0.0969208 -0.160767 -0.165147 
-0.0868014 0.178126 -0.174398 -0.139854 0.0228039 0.135507 0.163504 -0.201177 -0.194774 -0.134116 0.199515 -0.0510434 0.1707 0.170472 -0.154464 0.199094 -0.104308 -0.100448 -0.0545646 -0.16827 -0.0793541 -0.0869556 -0.0450654 -0.0864258 0.148452 -0.00696393 0.0343477 0.161648 -0.164821 0.105054 -0.192384 -0.0331401 -0.0670328 0.032679 0.0138998 0.176144 -0.0267702 0.0101746 0.123414 0.144674 -0.157057 -0.0676406 -0.0421088 0.0861938 -0.182279 -0.125297 -0.00978638 -0.203311 -0.00357993 -0.193014 0.151328 -0.126965 -0.151131 0.155013 0.0252575 0.03867 0.119226 0.0699355 -0.159962 
0.0166563 -0.151882 0.147575 0.0693514 -0.0181201 0.105822 0.00241069 0.0598134 -0.0715686 -0.119317 0.000508171 -0.023607 0.149921 0.0606036 0.0865826 -0.0698807 0.127781 -0.0208667 0.0788261 0.053295 0.01239 0.195069 0.124958 -0.0887827 -0.179967 -0.0808863 -0.188469 -0.0188598 0.0536523 -0.143803 0.0668998 -0.0617388 0.0938782 0.0575667 -0.149354 0.155136 0.00040291 -0.0572906 -0.0520253 -0.00155079 0.137153 0.182165 0.0595332 -0.188456 -0.187591 -0.0748345 -0.0857094 -0.0500683 0.0168827 -0.0696537 -0.154374 0.000955897 -0.0031909 -0.0356145 -0.00316978 -0.207994 -0.153585 -0.126293 0.0961266 
0.003678 0.121678 -0.122897 -0.0402191 0.138542 -0.139884 0.113915 0.182041 0.032377 0.204983 0.0867441 0.148665 0.0675222 0.0955102 0.0884314 0.109303 -0.116586 -0.05297 0.143572 0.120382 0.053566 0.128744 -0.143072 0.0410335 -0.207719 0.0118648 -0.0135383 -0.0140378 -0.0174368 -0.0523476 0.103147 0.100876 0.201649 -0.0790813 -0.0688656 -0.0356243 -0.139332 0.0927236 -0.0942228 -0.157687 -0.0683664 -0.00191339 0.15695 0.169207 0.0338137 0.136564 0.122892 0.0449506 -0.0831055 0.206264 -0.0389324 -0.163174 0.205041 0.195551 -0.0572129 -0.0700695 0.0705341 0.0180596 -0.0724272 
-0.103614 -0.093811 -0.048764 -0.120083 -0.199928 -0.152376 0.0400688 0.000489686 0.0241881 0.150189 -0.165453 -0.0249788 0.0775075 0.065722 -0.0699903 -0.000702873 0.18056 0.0702776 0.177847 -0.120179 0.192136 -0.197642 -0.117824 0.183506 -0.203364 0.0121891 0.1694 -0.133501 -0.203915 -0.0615186 0.108573 -0.00594424 0.00283314 0.0819274 -0.0601138 0.107698 0.00523126 0.185526 0.188268 0.13161 0.174177 0.0953316 -0.136357 0.0567668 0.0800212 0.112721 0.169618 0.08984 0.194024 0.0987581 -0.128048 0.121442 -0.160022 -0.188356 -0.0632413 -0.1198 -0.184142 -0.0202522 -0.162599 
-0.0606525 0.0782444 0.156737 -0.0673273 -0.0379877 0.0387002 0.128226 0.0207246 0.205106 -0.0458064 0.0831025 0.0420117 -0.0723952 -0.0457922 -0.0612754 0.0888253 0.204914 0.0133439 -0.0395339 -0.136269 0.0697331 -0.118958 -0.184246 -0.0773157 -0.124604 -0.0612101 -0.0476296 0.15596 0.0324212 0.168252 0.0896341 -0.00331498 -0.204865 -0.204112 -0.0391094 -0.0712108 0.0187196 0.0558405 -0.0146034 0.143166 -0.198573 -0.0723874 0.0616821 -0.058625 0.0304367 0.0838209 0.18274 -0.114575 0.0270937 0.171891 0.194919 0.156404 0.00498878 0.110198 0.133368 -0.00902771 0.131869 0.178937 0.189309 
-0.00410421 -0.135886 -0.164619 -0.1394 -0.080162 0.0715263 0.0593966 -0.107385 -0.0973945 0.0812201 0.00282441 -0.116521 -0.202751 0.194772 0.186127 0.0603431 0.101538 0.0665412 -0.206866 -0.0150854 0.0596337 -0.0308887 -0.195303 0.110184 -0.0465155 0.0738132 0.144284 0.130467 0.065973 0.0918238 -0.0548371 -0.19444 0.174063 -0.138322 0.0521954 0.120218 0.0445741 -0.142701 0.00205519 0.0772796 0.0471608 0.0952016 -0.0140869 -0.207541 -0.14638 0.110567 -0.190814 0.0881952 -0.0191468 0.152611 -0.0637201 0.12457 0.138454 0.146737 -0.11149 -0.0007998 -0.0985674 -0.200189 0.154432 
-0.204382 0.168645 0.098498 0.0960885 -0.0182507 -0.0464641 0.169341 0.148471 0.147703 -0.0707378 -0.0241908 0.0479637 -0.154208 0.102647 0.0701228 0.0293732 -0.13882 0.0754696 0.0890394 0.128609 0.105716 -0.191464 -0.0300989 0.110684 0.059628 -0.0382101 0.209055 0.148361 0.196686 -0.0176648 -0.174214 0.10466 -0.182699 -0.195501 -0.145388 0.0804729 0.111865 0.0413358 -0.0779329 0.180311 -0.148659 0.0974706 0.0136513 -0.0776897 0.0946745 0.0278376 -0.0207855 -0.0315423 -0.000441326 0.135155 0.0571767 -0.028917 -0.181354 -0.0983823 -0.0574625 -0.0055693 -0.160949 0.189819 -0.151825 
0.0900511 -0.0192007 -0.199219 0.123301 0.149588 0.112558 0.0764674 0.152289 -0.198313 -0.0382731 -0.0229897 -0.136084 0.136054 0.186931 0.0524261 -0.0679779 -0.145997 0.116344 -0.108092 0.0621582 0.119109 -0.071492 0.182748 0.187362 -0.155844 -0.00724467 0.040767 0.0173914 -0.00145694 0.0457451 -0.00787985 -0.180317 0.141764 -0.148638 -0.048056 0.0999929 0.122401 0.152232 0.061194 -0.0816138 -0.0469299 -0.139069 0.134943 0.0883812 0.000539161 0.190162 0.13192 -0.188834 0.170506 -0.166017 0.0981687 0.0593239 0.0581837 0.121569 -0.208432 -0.160887 0.0547467 0.0806371 -0.0389817 
0.0789895 0.0903487 -0.13188 -0.0408277 0.0388504 0.0412908 0.00214074 0.19034 0.0129034 -0.0616268 -0.201703 0.123047 0.106639 -0.158341 -0.00767927 -0.0717711 -0.0432985 -0.0314618 -0.123976 0.188067 -0.0464868 -0.0497798 0.197405 -0.022506 -0.00675048 0.143595 -0.0648852 -0.131133 -0.204338 0.0145548 0.159977 0.0143534 0.124589 0.15242 0.057264 -0.208487 -0.200313 0.206123 0.0875487 0.146849 -0.0273534 0.0283947 -0.170818 -0.0954541 -0.0678048 0.12892 -0.0561921 -0.149144 -0.17415 0.0197282 0.0239034 -0.203831 0.13152 -0.171839 0.152977 -0.000442716 0.110722 -0.0574477 -0.0142945 
0.162141 0.168889 -0.187414 -0.174012 -0.100186 -0.0723311 -0.0665761 0.0717279 0.0583406 0.142877 -0.170897 -0.0845636 0.0421286 0.159028 0.0302566 0.0128577 -0.0959757 -0.0615424 -0.124671 0.171313 -0.0377712 0.0671728 -0.149758 -0.197874 0.120493 0.0927119 0.205803 -0.126018 -0.180058 -0.09702 -0.141535 -0.173657 -0.148554 0.188232 -0.16455 -0.065099 -0.121727 -0.0693206 0.106578 -0.0474853 -0.143848 -0.126375 0.1288 0.191587 -0.144735 -0.0977625 -0.0388301 -0.0975258 0.0327315 0.196064 -0.149191 0.0327372 0.101899 -0.20429 -0.0922235 -0.121688 0.162128 -0.0752428 0.0542503 
-0.128234 -0.131241 0.0759558 0.201091 0.0750074 0.0631309 0.0847374 0.13563 -0.144376 -0.0479849 -0.119816 -0.159982 0.142985 -0.177537 0.0375471 -0.0896161 -0.0971595 0.0941116 0.0900448 -0.161481 0.0221681 0.0195842 -0.0650698 0.139604 -0.0370607 -0.112594 0.181684 0.0462633 -0.0803691 0.0632142 -0.0414693 0.0103858 -0.190946 -0.0632183 0.187673 -0.0155477 -0.195772 0.134556 -0.0953805 -0.0944272 -0.0465409 0.175013 0.155766 0.201848 0.0196084 -0.185715 -0.0608416 0.0943631 0.107172 -0.0532295 -0.089436 -0.106575 -0.161882 0.172588 0.0294984 0.125474 0.107192 -0.0878161 -0.183807 
0 0 0 0 0 0 0 0 0 0 0 0 0 0 0 0 0 0 0 0 0 0 0 0 0 0 0 0 0 0 0 0 0 0 0 0 0 0 0 0 0 0 0 0 0 0 0 0 0 0 0 0 0 0 0 0 0 0 0 0 0 0 0 0 0 0 0 0 0 0 0 0 0 0 0 0 0 0 
-0.249806 -0.0226628 -0.147893 0.0425029 -0.230792 0.228888 0.119963 -0.238446 0.0181478 0.253865 0.148694 -0.132739 0.0910587 0.131312 -0.214259 -0.0275396 -0.234773 -0.0628541 -0.0893701 -0.0983997 0.00178461 0.0225129 -0.0299331 0.254756 0.198936 -0.0687338 -0.0591929 0.00632377 0.158425 0.136502 0.125683 -0.250564 0.237068 -0.111742 0.0706786 0.168789 -0.14786 -0.151675 0.198996 -0.0297848 -0.117473 0.081373 -0.0801049 0.251648 -0.246068 -0.0671415 -0.23692 -0.0778708 -0.2171 0.0212661 -0.201606 -0.126345 0.189799 0.00108311 -0.0258698 0.0551805 -0.195706 0.0508032 0.222034 -0.2537 0.0971574 -0.106873 -0.153878 -0.248797 -0.206943 -0.151794 0.225331 0.240497 -0.0392462 -0.0994336 0.114244 -0.0562295 -0.0327352 -0.0639803 -0.131579 0.138087 0.0095002 -0.128153 
0.0330895 0.164549 0.0360815 0.23338 0.194904 0.0222997 0.199807 -0.0493468 -0.217575 0.215569 -0.119217 0.0956233 0.18248 -0.0875913 -0.104679 -0.244505 0.23716 0.0230829 0.153044 0.0356566 -0.0280373 -0.0787821 -0.166928 0.0320491 0.146952 0.0365823 0.13951 -0.112667 0.0529443 0.154156 -0.168597 -0.038149 -0.110241 -0.0560714 0.261496 -0.145316 -0.0927716 0.0434123 -0.0197585 -0.133892 0.112743 0.264794 -0.117343 0.0890648 0.012164 -0.0735341 -0.0917935 0.071117 0.130115 -0.0909884 -0.0151605 -0.140232 -0.193568 0.172614 -0.0414244 0.131821 0.123701 0.00349062 0.243802 -0.220922 0.0457177 0.0821402 -0.267138 -0.0950068 0.0665806 0.0702152 0.150782 0.211881 -0.193246 -0.0678903 -0.0633284 0.188546 0.0150926 -0.0872502 0.202832 0.256815 -0.060221 -0.227901 
0.223661 0.112541 -0.19469 0.0611788 -0.151776 -0.0786337 -0.266218 0.0241873 0.183508 -0.184244 -0.0389607 -0.0997311 -0.144135 -0.082447 -0.0703667 0.204839 -0.175314 0.0013698 -0.0252288 0.0859815 -0.0604077 -0.0666177 -0.146254 0.166851 0.00494459 0.233002 0.127777 -0.0319574 -0.212318 0.146831 -0.23006 -0.235437 0.137299 -0.00257775 -0.0323581 -0.0516892 -0.0835972 0.201069 -0.095749 -0.06263 -0.152409 0.188003 -0.0582448 0.21246 -0.193164 0.21625 0.246495 -0.198962 0.259724 -0.252344 0.0976369 0.196305 0.2543 0.0624978 -0.131845 -0.0391248 0.214054 0.219006 -0.112293 -0.234206 -0.144619 -0.111775 0.123909 0.242651 -0.25225 0.00285153 0.093389 0.0771665 -0.0816735 -0.167923 0.0725038 -0.0189266 -0.201214 -0.240223 -0.219151 -0.0990735 -0.138101 0.168344 
0.0654589 0.0420916 0.0233174 0.104309 -0.236237 0.161421 -0.233515 -0.2493 -0.0315441 0.211369 0.151155 -0.236671 -0.132602 -0.147325 -0.221525 0.0812136 -0.242859 0.18531 0.176385 0.0778425 -0.216733 -0.160036 -0.0440127 -0.250024 -0.183416 0.197071 -0.0215169 -0.196377 -0.261007 0.147908 0.11558 -0.14044 0.145886 0.0439379 -0.141225 -0.204471 -0.104443 0.167736 -0.0256288 -0.239061 -0.0345986 0.162547 0.0623721 0.111495 0.066861 -0.0663347 0.198701 0.0259285 -0.176261 0.0316608 -0.115514 0.132882 0.185744 -0.0727978 -0.240892 -0.191397 0.168546 0.0743429 0.105502 0.209108 -0.0759295 -0.143382 0.0136779 -0.0413546 0.0841961 0.118068 0.225628 -0.0943813 0.0960837 0.230425 -0.167233 0.180702 -0.161506 -0.209919 0.0334871 -0.262766 -0.234132 -0.0472397 
0.0328704 -0.0722157 0.175823 -0.0938395 -0.248583 0.142149 -0.00376763 0.126216 0.0743102 -0.134103 0.130256 -0.237629 0.263243 -0.0898301 0.207715 -0.173141 -0.236231 0.123016 0.266589 -0.246668 0.226019 -0.2155 0.266278 0.206612 -0.0120998 -0.0939556 -0.177721 -0.185962 0.170534 -0.0454703 -0.219024 0.0847387 0.0987152 0.0179149 0.161877 -0.125164 0.0906259 -0.190559 -0.261483 -0.217283 0.176097 -0.0461683 -0.0577717 -0.232479 -0.130298 0.247109 -0.0394324 -0.227125 0.124828 0.00453611 0.0120058 0.194025 -0.221121 0.0715834 0.19139 -0.0209511 0.260887 -0.208119 0.199351 -0.214109 0.203112 0.0653673 -0.0341215 0.244232 -0.0801375 -0.231262 -0.114168 -0.21083 0.148875 0.11844 -0.0313656 0.192978 -0.0120447 0.225301 -0.261496 0.246583 0.110875 -0.163683 
-0.146436 -0.231202 -0.0557456 -0.150949 -0.0749034 0.231962 0.152419 0.117861 -0.20888 0.17631 0.22579 0.250218 -0.0259201 0.0794173 0.261538 0.223263 -0.113557 0.230257 -0.15995 -0.0958635 -0.119996 0.136146 0.152303 -0.244717 0.210405 0.249742 0.143791 0.10799 -0.143689 0.122741 0.160606 -0.137204 -0.131842 0.0187071 -0.210808 -0.0811763 -0.00867449 -0.0870637 -0.0182114 0.111206 0.10731 0.23235 -0.195041 0.24533 0.187499 -0.13117 -0.22716 -0.0988066 0.123866 0.262161 0.156199 -0.123177 0.0894608 -0.10283 -0.164026 -0.0832422 0.0649379 0.00967453 -0.250356 0.0507098 0.20929 0.0827297 -0.0674351 -0.0664903 -0.235006 0.0997486 -0.156567 0.135522 -0.176715 -0.187019 -0.141607 -0.192558 0.20218 0.0293804 0.110951 0.197615 -0.246494 0.187206 
0 0 0 0 0 0 
