3
80 80 4 
1
1328
-0.393841 -1.07693 -0.0105427 -0.680224 -0.177399 -0.172778 -0.251326 0.376674 0.0192761 0.299356 1.03065 -0.125533 -0.952444 -0.268485 0.566236 0.0229559 -0.315043 0.893684 0.597939 0.252218 -0.191762 -0.104299 0.407668 -0.0758698 0.226811 0.542703 0.270105 0.486507 0.790771 -0.602089 0.903523 -0.0894006 -0.825866 0.0149274 -0.0610015 -0.00875659 0.221268 0.446905 0.922009 0.899242 -0.151991 -0.337223 -0.0863031 1.04523 0.308059 0.256778 0.461682 0.0823825 0.244184 0.0106151 0.752918 0.340054 0.544402 -0.140631 -0.292614 0.580702 -0.176993 0.359772 0.334841 -0.0152523 -0.285264 0.693131 -0.313129 0.66501 -0.776181 -0.0289568 0.127006 0.230678 -0.082548 0.325287 0.567575 -0.378 0.146452 0.0854507 0.35828 0.421362 -0.161451 -0.532774 -0.138202 0.241327 
0.427888 -0.365096 -0.471016 0.407963 0.183247 0.936651 -0.0624066 0.330835 -0.136891 0.296821 -0.399076 -0.605676 0.883642 0.885642 0.537951 0.050215 -0.778408 -0.0252316 0.122228 -0.0132453 0.34365 -0.461245 0.0364155 -0.95774 0.912718 0.323261 0.310619 -0.362724 0.805384 0.220767 0.476494 -0.11174 0.081964 -0.013054 0.0804978 0.543277 -0.341617 -0.392522 0.0798657 0.561791 -0.088223 0.0602832 -0.357397 0.149007 0.15798 -0.398624 0.816021 0.182172 -0.385338 0.380593 -0.0688233 0.166638 -0.620991 0.422949 -0.779426 0.130862 0.183561 -0.375258 -0.0632687 0.186674 0.0569426 -0.0334762 0.605833 -0.801944 -0.30413 -0.63606 -0.000547032 -0.31737 -0.169199 -0.522394 0.0981179 -0.358008 -0.701471 0.21203 0.209383 0.666033 0.331692 -0.123663 0.342277 -0.0479185 
-0.280068 -0.78092 0.161058 0.061186 0.433528 0.213787 0.704329 -0.505263 0.918686 -0.305153 -0.0503477 -0.304301 -0.17509 -0.831544 0.538504 -0.288134 -0.0721499 0.511029 -0.498179 1.10733 0.0681561 -0.434589 -0.165014 0.38452 0.353971 -0.00647574 0.589931 0.115394 -0.029566 0.0907118 -0.45587 0.613087 0.219899 0.362846 -0.455652 -1.11889 0.17049 -0.3206 0.07725 -0.474604 -0.212987 -0.0299239 -0.43001 0.863032 0.2007 0.142372 -0.338157 -0.42321 -0.0422076 -0.477251 0.382905 0.306628 -0.184604 0.150265 0.554161 0.558936 -0.05397 -0.972692 0.196479 -0.315405 -0.309933 0.733425 -0.239492 0.231015 -0.926936 0.384554 -0.124452 0.260475 0.385915 -0.399109 0.489529 -0.25805 -0.288625 -0.549557 0.19236 0.280481 0.26514 -0.214815 0.0700204 0.354217 
0.0654781 -0.270909 -0.621043 -0.139564 -0.665919 -0.807737 0.492614 -0.139466 0.678844 -0.337885 -0.24276 -0.937933 -0.176251 0.227429 -0.490355 -0.167363 -0.116217 0.0671795 0.383735 0.543037 -0.487243 -0.0218112 -0.417281 -0.07464 -0.13752 0.329136 -0.12449 0.244416 -0.0871394 0.100915 0.117317 -0.494389 -0.245771 -0.499512 0.138738 -0.0484086 -0.547939 -0.421347 -0.166333 -0.23897 -0.0777603 0.517733 -0.162503 -0.311221 0.394909 -0.427153 -0.0407912 -0.164734 0.00335673 0.0191899 0.307388 -0.25931 0.47482 0.113172 0.167097 0.311714 -0.0539702 0.402422 -0.673901 -0.0568107 -0.776102 -0.00509899 -0.0377405 0.113433 0.459174 -0.238919 0.0679766 0.675211 -0.580077 0.260541 0.189881 -0.0531752 -0.323402 -0.259808 0.525386 0.74023 -0.836016 -0.0296991 -0.0794876 -0.707586 
0.00463344 -0.0437041 -0.0493267 -0.891129 0.105122 -0.0524924 -0.431936 0.26381 0.0660355 -0.405158 0.235834 0.266926 0.43943 -0.287733 0.328206 -0.598252 -0.384272 -0.0941096 0.311521 -0.141369 0.228249 0.0821268 -1.22898 -0.648621 0.0807164 0.674497 0.0544567 -0.024526 0.266714 -0.620654 0.35313 0.0239592 0.736779 0.598558 -0.517441 -0.0392319 -0.218032 -0.082563 -0.488001 -0.537448 0.05634 0.0457896 -0.820011 -0.0292654 0.358241 0.230235 -0.174185 0.219583 -0.272834 0.214263 0.264455 0.536532 -0.000621297 0.00918156 -0.569453 -0.10728 0.627624 0.143147 0.171992 0.306195 1.07487 0.364589 -0.303862 -1.10739 0.492628 0.407773 -0.592653 0.232321 0.336417 0.188631 -0.0929033 -0.10168 -0.301744 0.478017 0.150391 0.590043 0.0155033 0.227897 -0.385501 0.190337 
-0.221431 -0.145807 0.797079 -0.565288 -0.00577469 -0.0986327 0.0249681 -0.207033 -0.537292 0.313354 -0.454125 0.39962 0.36546 -0.149871 0.0253812 0.204166 -0.710686 0.197062 0.561816 0.200327 0.28818 0.451863 0.53714 0.057853 0.361636 -0.343424 0.127658 0.0702304 -0.183017 0.415785 -0.368512 -0.145935 0.300011 0.345696 0.385902 -0.253167 -0.435476 0.125723 -0.283276 -0.563617 0.101499 0.573686 -0.294031 -0.26391 -0.177475 -0.0629413 -0.930841 0.0116696 0.529246 -0.309619 0.598153 0.377095 -0.502319 0.459552 -0.208903 0.570389 0.0338879 -0.179976 -0.148325 0.198712 0.346954 -0.271028 0.442088 0.342308 0.804277 -0.0799764 -0.289591 -0.0249565 -0.650738 0.709617 0.0559093 0.303135 0.325157 -0.0986415 -0.243634 -0.697517 -0.646585 0.167672 0.195171 -0.000907081 
0.554846 0.535961 -0.187628 -0.639665 0.144206 -0.573204 0.103482 -0.265697 -0.674647 -0.259125 0.16898 0.0849128 1.00086 -0.667429 -0.259458 -0.14459 0.0131678 0.123808 -0.467954 0.0211303 -0.277558 0.135658 0.159294 0.305155 -0.250085 -0.304351 0.161383 -0.606974 -0.145227 0.933489 0.208108 0.149511 0.192714 0.100435 -0.28102 -0.124137 -0.345372 -0.0990222 0.452993 0.0678568 -0.225729 -0.336881 -0.494531 -0.261106 -0.153814 -0.648884 0.296512 0.161575 -0.469687 0.359164 -0.417975 0.890789 -0.359162 -0.0424286 -0.312818 -0.677296 0.763598 0.582882 0.617228 -0.521006 0.202581 -0.143759 -0.049016 -0.692804 -0.541671 0.33841 1.03067 0.268606 -0.221895 0.364945 -1.0197 0.660657 -0.175896 -0.341954 0.318637 0.0687991 -0.199132 0.304339 0.181645 0.165921 
0.209412 -0.326702 0.564182 -0.282009 -0.152064 -0.0116155 0.112843 0.208271 -0.515755 -0.282797 0.537732 -0.482132 0.718044 0.50393 0.217439 0.222386 -0.341317 0.212833 -0.219727 0.0191493 0.259508 -0.191672 0.613938 0.126785 -0.207186 -0.115264 0.592154 0.188861 0.43994 -0.0638774 0.0816591 -0.116629 -0.0848048 0.126895 -0.538896 -0.26552 -0.199824 0.745572 -0.0857629 0.209985 0.322285 -0.618087 0.152672 0.153253 -0.425183 -0.0290062 -0.19613 -0.201979 0.369804 -0.428298 0.131601 -0.611437 -0.469478 0.259883 0.459485 0.00348637 -0.133872 0.186794 -0.0807595 -0.425378 0.814152 0.156899 0.306749 0.343378 0.325295 0.230645 0.245711 0.601355 -0.460659 -0.0650716 0.156041 -0.0634116 -0.654216 0.461493 -0.12072 0.289036 0.446178 0.282883 0.265253 0.402047 
-0.579589 0.598974 0.398454 -0.536104 -0.269494 -0.217333 0.78408 0.00358458 -0.323327 -0.324838 -0.0326 0.876919 -0.380186 0.0414737 0.496244 0.47686 -0.0489125 0.62395 -0.00938813 0.6689 -0.13717 -0.394611 -0.322239 0.106145 0.0299415 -0.0473138 -0.0943182 0.77557 0.053069 -1.06792 -0.371871 0.260774 -0.110197 -0.221628 0.359683 0.166041 0.0866328 -0.206652 0.876855 -0.449919 -0.121133 0.643783 0.0337456 -0.165695 0.941366 -0.18752 0.133201 0.252517 -0.321576 0.904109 -0.144814 -0.247416 0.107289 -0.0794635 0.36499 0.479116 -0.634824 0.0306768 0.461334 0.217463 -0.100029 0.421021 0.642489 -0.0712769 -0.19802 -0.210305 -0.299014 0.0454089 -0.591504 -0.343039 0.187518 0.593256 -0.499431 0.863202 0.412532 -0.182722 -0.624792 0.769395 -0.332282 -0.128462 
0.189976 0.270191 0.12709 0.174725 0.367583 -0.443402 0.274496 -0.342112 0.630615 -0.0752553 0.26879 0.205144 0.0200238 -0.806041 0.843415 0.440193 0.159106 -0.140928 0.463745 -0.0710047 -0.0480899 -0.548321 0.151376 -0.100013 0.114838 -0.321868 0.246934 -0.146899 0.503983 0.123269 0.319694 0.119416 -0.133693 -0.232193 -0.789149 -0.419771 -0.18474 -0.674832 -0.623271 0.110499 -0.0734733 -0.51511 -0.321806 -0.0252459 -0.279178 -0.394474 -0.0319917 -0.0968875 0.067088 0.7389 0.136811 0.00400923 -0.0822307 0.0219364 0.280559 -0.506568 -0.319436 0.318932 0.0240739 0.296436 0.30282 0.148393 -0.428001 -0.00569305 0.228933 -0.115928 -0.103809 0.821351 0.364182 -0.064568 0.240548 0.205448 -0.798432 -0.0771454 -0.375093 -0.046449 0.778246 -0.310288 0.560185 0.275127 
-0.0405218 0.191326 0.238772 -0.110282 0.00220405 -0.266166 0.54193 0.253803 0.14578 0.238311 0.822014 -0.49011 0.244883 0.0533971 0.0680894 1.05235 0.0277982 -0.453658 -0.147155 -0.373203 0.205062 -0.158665 0.510239 0.812528 0.231566 0.369895 0.560378 -0.011747 -0.714932 0.544372 -0.450243 -0.137322 -1.51534 0.381375 -0.077415 -0.499362 -0.0309734 0.382028 0.422242 0.332806 -0.0798728 -0.296659 -0.601205 -0.496851 -0.0362712 0.313107 -0.276477 -0.428403 -0.0266058 0.371351 -0.305766 -0.497688 -0.107272 -0.0882744 -0.000634162 0.0133164 0.429915 0.281523 0.452959 -0.15122 0.084536 0.0024097 1.04931 0.524309 -0.0142634 -0.146413 -0.258203 0.292703 -1.04269 -0.204258 -1.05347 0.0409399 -0.211592 -0.152337 0.527621 0.194593 -0.114826 -0.0204114 0.0750595 0.0502076 
-1.04154 -0.295829 0.337033 0.0957001 0.318663 0.247363 0.877591 -0.207955 -0.0453861 0.427954 -0.123119 -0.37775 0.305644 -0.368556 -0.322568 0.140659 0.240706 0.565285 0.326611 -0.176502 -0.764795 0.492103 -0.480797 -0.0340159 -0.296249 0.0158924 -0.45552 -0.0920915 -0.0683754 -0.21172 0.392495 0.54085 -0.675801 0.0231233 0.118936 -0.38574 -0.167599 -0.335424 0.186276 0.378105 0.701113 -0.183712 0.199115 0.188965 0.0494206 -0.29279 0.765818 -0.410511 -0.0155649 -0.0546249 0.0493067 -0.164378 0.395178 0.167716 -0.112991 0.668254 0.171491 0.540245 -0.136679 -0.283233 -0.213131 -0.185294 -0.172505 0.660036 0.289614 -0.377481 -0.111495 -0.852188 -0.130963 0.430678 -0.485358 -0.164234 0.592877 -0.236733 -0.327636 0.10276 0.226966 0.14895 0.0709196 0.0892889 
-0.237961 -0.137431 0.104403 -0.740204 -0.483282 0.26794 0.399507 -0.528199 -0.467711 -0.111665 0.692726 -0.198561 -0.292174 0.4353 0.281866 0.362929 0.451398 0.683824 -0.140256 0.251393 -0.137195 -0.0253962 0.0900933 -0.565257 0.0295936 -0.0537017 -0.118432 -0.247529 -0.543078 0.199674 -0.114877 -0.0212883 0.216552 0.205951 -0.392242 0.0127436 -0.179638 0.39224 0.681976 -0.219098 -0.418693 -1.03602 0.0556536 -0.142995 0.346791 0.691833 -0.093409 -0.10694 0.150744 0.0700135 -0.265089 -0.133504 0.727802 0.683546 -0.213257 -0.557918 0.246841 0.248888 -0.41305 -0.380323 0.647558 -0.32615 -0.202558 -0.850388 0.147973 -0.389848 -0.582935 1.27994 -0.667444 0.0928223 -0.707416 -0.245573 0.00762916 0.0531209 0.186349 -0.567294 0.150966 0.249483 -0.18321 0.0813314 
-0.266234 -0.17345 0.090342 0.355589 0.0849667 0.173201 0.17796 -0.452756 0.113471 -0.313948 -0.463233 -0.123294 0.684571 -0.216151 0.278663 0.133014 0.2077 0.730334 0.322291 0.275367 0.0986667 -0.597408 0.0462834 0.770667 0.125346 -0.353395 -0.589865 -0.0437349 0.182141 -0.0960036 -0.150925 -0.764652 -0.434439 0.161059 -0.207038 0.249582 -0.133816 0.375205 -0.0764246 0.469343 0.247591 0.209262 0.478328 0.348125 0.605602 -0.198434 -0.273951 0.17946 0.0854056 -0.0864806 -0.129926 0.912064 0.361417 -0.600409 -0.592454 0.0355271 0.828299 0.70972 -0.377026 -0.162707 -0.341461 0.231212 0.307911 0.436635 0.150431 -0.189521 -0.087263 0.818902 -0.839479 -0.123097 -0.468997 0.0236868 -0.165101 -0.451933 -0.304637 0.454712 0.389941 0.0689195 -0.368172 -0.284981 
0.79487 -0.0990924 0.558544 0.306244 -0.0708536 -0.196645 -0.206025 -0.498094 -0.244757 0.0439178 0.222395 -0.497562 0.112443 0.260368 -0.220141 0.289667 0.0367164 -0.0689619 0.0579506 -0.135077 0.144531 -0.484177 0.263677 0.607182 -0.311109 -0.037369 0.0131209 1.0928 0.0915373 0.100437 -0.0629008 -0.370778 0.867727 -0.213083 -0.39879 0.16413 0.22312 -0.694563 -0.221764 -0.419302 0.464253 0.0992593 -0.308839 0.0596409 -0.283339 -0.375852 0.0235487 0.107954 -0.362502 0.0852965 0.243093 -0.0439409 0.579435 -0.409259 0.0448768 -0.166335 0.182614 -0.942417 -0.330279 -0.101309 0.248907 -0.148572 0.293091 -0.322478 0.276197 -0.23661 -0.767245 0.423751 0.00549042 -0.219414 -0.335145 0.534834 0.812207 -1.20669 -0.778557 -0.179805 0.830108 0.00699093 -0.294205 0.425481 
0.325643 -0.281563 -0.355946 0.484788 0.377438 -0.157217 0.354521 -0.494216 -0.444433 -0.464817 0.181365 0.802097 0.472489 0.454648 -0.315346 0.215722 0.136068 0.577447 -0.254104 0.230957 -0.0997021 0.468791 -0.481308 -0.089755 -0.207184 0.442191 0.409005 0.321209 -0.34773 0.199416 0.688659 0.524989 0.296101 0.0899167 -0.47174 -0.537163 -0.0934393 0.299329 0.218041 1.02742 0.668442 0.747119 0.609981 -0.0643231 -0.494574 -0.0613106 -0.0541006 -0.444713 0.327596 -0.332694 -0.451125 -0.445916 -0.588359 0.0535011 0.312665 -0.606223 -0.404604 -0.232441 0.171191 0.501649 -0.415761 0.181891 -0.0534156 0.347706 -0.389267 0.68009 0.137507 -0.416742 0.296592 0.0681971 -0.472027 0.0532405 -0.738824 -0.296858 0.304653 -0.310746 -0.188665 -0.279068 0.154062 -0.374374 
0.140036 -0.152846 -0.609509 -0.572665 0.0476576 0.672018 -0.586473 0.111215 -0.328017 0.104851 0.18064 0.152991 0.331743 0.296807 -0.341845 0.393562 -0.0736052 0.0652345 -0.1873 -0.0517177 -0.596502 0.256503 -0.61052 -0.223525 0.385864 -0.25254 0.930462 -0.460454 -0.717378 -0.274517 0.0835541 0.140096 0.136012 0.165888 -0.834625 -0.426233 0.49916 -0.310329 -0.0315055 0.24631 -0.598256 0.0168549 0.0508864 0.747112 0.575612 -0.252134 0.449748 0.0785467 0.696888 -1.13897 -0.264035 0.0254027 0.167281 -0.0256046 -0.367793 -0.316984 0.0729047 -0.130402 0.288287 -0.576815 0.493421 0.337169 0.0968177 0.227606 0.456913 -0.778754 -0.0614532 0.366452 0.276618 0.0068933 -0.647154 -0.647433 -0.106292 -0.0506999 -0.184138 -0.564639 -0.00124978 -0.304509 0.257608 0.090938 
0.359947 0.326666 -0.146024 0.588687 -0.0861445 -0.0807694 0.11408 0.251297 0.0871654 -0.132513 0.538042 -0.202924 0.239231 -0.124863 0.641892 -0.132523 -0.460265 0.180062 -0.372875 0.077559 0.0757959 -0.617121 0.394407 0.413807 -0.261563 -0.234996 0.367999 -0.0134957 0.320821 0.306162 0.84259 -0.239482 0.536886 -0.579905 -0.110943 0.0591132 0.08836 -0.832539 -0.470027 0.154238 -0.57546 0.031394 -0.0332429 -0.0568461 -0.625496 -0.180775 0.323422 -0.420271 0.341631 0.0536383 -0.249843 0.000174477 0.261517 0.181719 -0.490963 -0.121527 -0.0710646 -0.000456803 0.123703 -0.45297 0.244059 1.0306 -0.223547 -0.0792972 1.18359 -0.0287392 -0.00144681 0.311095 0.0947018 0.508939 -0.26016 -0.232756 -0.478562 0.360629 0.152576 0.107663 0.105862 -0.0879434 0.514504 0.0707776 
0.195909 -0.144896 -0.223391 0.0536391 0.126836 0.274671 -0.291667 -1.11567 0.68602 0.463417 0.0772824 -0.0895115 0.152952 0.134352 -0.491645 -0.124043 -0.131608 0.384305 0.580651 0.100533 -0.401613 -0.539673 0.54872 -0.608907 -0.443198 -0.281362 0.0406356 0.468239 0.00501531 0.671983 -0.684237 0.252279 0.289215 0.372331 0.380632 -0.0154441 -0.698138 -0.0405169 -0.0603405 -0.778824 0.0707837 0.20032 0.205211 0.197948 -0.0883118 -0.53856 0.115455 0.664174 0.336453 0.534051 -0.48001 -0.150728 0.0626751 0.564958 0.338253 -0.0117289 -0.00308318 -0.142627 0.0848548 0.410347 -0.106986 -0.164333 -0.0161226 1.04343 -0.294718 0.0608899 -0.344579 0.0337784 0.49717 -0.370196 0.271436 0.251007 0.0672552 -0.383745 -0.187531 -0.216106 0.172276 0.322593 0.452508 0.0123764 
-0.544387 0.487333 0.340913 0.377324 -0.664241 -0.972664 -0.471781 -0.0282459 0.055862 -0.00334921 -0.106373 -0.0917604 -0.130578 -0.441165 -0.383941 -0.538269 -0.122373 0.219983 0.217661 -0.116054 -0.105749 -0.49334 0.442648 0.181169 0.113084 -0.23048 -0.24382 -0.718204 0.702399 0.342324 0.190111 -1.01004 0.250923 -0.429319 -0.189844 -0.44425 1.06239 0.128725 0.393468 -0.0603854 0.0392186 -0.790645 0.0629102 -0.306274 -0.268513 0.153045 -0.203435 0.292357 0.101934 -0.207261 -0.516478 0.567908 -0.773582 0.612278 0.262322 -0.264813 -0.366297 0.322459 -0.321823 0.23969 0.387801 -0.458773 -0.0491357 0.775977 0.073459 -0.575364 0.413562 0.461015 -0.315099 -0.324229 0.662305 -0.0512257 0.971293 0.229611 -0.127597 0.888052 -0.40103 0.334014 0.144954 -0.158879 
-0.0349492 0.27258 0.234114 0.192341 -0.276955 -0.620373 -0.0229418 -0.350065 -0.785177 0.42227 0.285798 0.203375 -0.187614 -0.113778 -0.424875 -0.0911598 -0.371752 0.00462899 0.0226556 0.141452 -0.220361 -0.0537971 -0.516213 -0.614972 0.0333548 0.577586 -0.0807249 0.164131 -0.205678 -0.470618 0.155281 0.275946 -0.130075 -0.687383 0.0614055 -0.0999302 0.335215 -0.577621 0.123525 -0.515825 -0.0195129 -0.029642 0.318332 -0.0825351 -0.196956 -0.271483 0.531352 0.30097 0.471202 0.238512 -0.271297 0.172005 -0.0361759 -0.0743737 0.0438916 0.104503 0.843348 0.00311534 0.3164 -0.946359 -0.243412 -0.22908 0.271946 0.615527 -1.26045 0.476857 0.069392 -0.0597796 -0.138936 0.242185 -0.0477632 0.221667 0.033606 0.131253 0.136066 -0.0550718 -0.373096 0.444807 0.433116 1.11925 
-0.005338 0.564688 -0.616853 0.203762 -0.0154029 -0.562497 -0.230513 0.749937 0.00923719 -0.276391 0.0188561 0.00980135 -0.288077 0.185194 -0.319128 -0.897642 0.102885 0.541866 0.0082247 -0.148602 -0.303546 -0.183524 0.667003 0.462402 -0.252561 0.31181 0.332496 0.219518 -0.312526 0.65414 -0.547374 -0.485399 0.416468 -0.267308 -0.275036 -1.19944 0.172651 -0.183981 0.0546461 -0.284289 -0.259524 -0.300616 0.014336 -0.0681253 -0.417157 -0.33589 0.167518 0.0376454 0.244662 0.288524 -0.121317 -0.897583 -0.505649 -0.481617 -0.23863 0.203867 -0.347179 -0.393539 0.505067 0.923906 -0.547099 -1.01725 0.0297502 0.402535 -0.0690051 0.269282 -0.0875905 0.521357 -0.356326 0.657101 0.551671 -0.294432 0.585739 0.681732 -0.060169 0.266035 -0.92118 -0.0762925 -0.293035 0.389221 
-0.360043 -0.2513 0.614383 0.138253 -0.0820845 -0.244706 -0.0930722 -0.495626 0.646183 0.368207 0.785233 -0.1859 -0.784384 0.530302 -0.538315 -0.963194 0.491455 -0.25456 0.239223 -0.199159 0.422227 -0.85086 0.00568041 0.807385 -0.406957 -0.538998 -0.80337 0.497558 -0.574197 -0.495061 -0.141292 0.136102 -0.389529 -0.682998 0.216965 0.12127 -0.0349549 0.0398634 -0.0500418 0.00206633 -0.627186 -0.0963594 0.0916065 0.0171727 -0.761954 -0.471282 -0.274125 -0.520698 -0.0187216 -0.687251 0.599338 0.882328 0.592328 -0.463092 0.315436 0.927527 0.352527 -0.455941 0.0806629 -0.121888 0.1115 0.301648 -0.119034 0.418408 -0.0241495 0.367236 0.17115 0.294112 -0.54099 -0.565472 0.435489 -0.347744 0.419586 -0.746625 -0.928841 0.0426222 0.26418 -0.172514 -0.176793 0.0211764 
0.33807 0.0351556 0.675451 0.345644 0.0754322 -0.502305 -0.109414 -0.114688 -0.0453467 0.268288 -0.678374 0.970869 0.370996 0.431749 0.0600539 0.147298 0.909497 -0.16623 -0.0482407 0.26105 0.0191308 -0.638225 0.00799895 -0.224831 -0.935595 -0.0361013 -0.409832 -0.0611197 -0.0573829 0.664806 -0.564729 -0.0499039 -0.974441 -0.173809 -0.0140918 -0.751515 -0.232669 0.250466 -0.394185 -0.131557 0.438027 0.469054 0.6574 -0.619471 -0.157865 -0.239211 0.138234 0.351315 0.175331 0.610406 0.72336 0.118172 -0.826924 -0.689392 0.012682 0.0165727 -0.14276 0.0581718 0.594724 -0.626871 -0.0940586 0.624457 -0.0129142 0.168125 0.426923 0.0412635 0.343487 -0.162947 0.989657 0.608415 0.424681 0.0201512 0.455833 0.101585 -0.819414 0.42495 -0.182015 0.301496 0.0827747 -0.017104 
0.42953 0.130525 0.387607 0.114152 -0.399097 -0.713062 -0.575127 -0.274603 -0.207366 0.292627 0.687497 0.219892 0.577468 0.426902 0.350556 0.132216 0.168193 0.145168 -0.367848 -0.399366 0.117086 -0.458575 -0.972585 0.419933 -0.259968 0.189307 -0.152467 0.521343 0.325325 0.0144983 0.465869 -0.0629398 -0.4845 -0.448703 0.945044 0.503352 0.00785754 0.0966921 -0.033822 -0.352107 0.130558 -0.202269 0.625475 0.482034 -0.508981 0.583392 -0.0602505 0.245487 -0.00588938 -0.222297 -0.289823 0.193089 0.113371 -0.310238 0.21628 0.24546 -0.57765 0.0265041 -0.358723 0.454857 -0.529698 -0.008982 -0.243914 0.179498 0.357714 0.929339 0.0979631 -0.385794 -0.1503 0.48283 0.241813 -0.236943 -0.409843 0.668019 0.466921 -0.426494 0.189692 0.385727 0.0849638 0.550638 
-0.379059 -0.16349 0.776449 -0.321591 0.209114 -0.549583 -0.499825 0.584822 -0.228273 0.326668 0.100838 -0.263391 -0.404933 -0.482604 0.881874 -0.232267 0.233263 -0.984683 0.105089 -0.487095 -0.621933 0.181926 0.305315 0.23822 0.419419 -0.397868 -0.940298 0.43882 -0.122134 0.133215 -0.102215 -0.420861 0.557453 0.384868 -0.467013 -0.207967 -0.486622 -0.134487 -1.02758 0.0750676 0.293717 -0.7507 0.0849127 0.0151681 -0.443331 -1.12687 -0.401948 0.403389 0.00202391 -0.506794 0.502076 -0.145565 0.587695 0.365615 -0.122891 0.409428 -0.4184 0.180913 0.324635 0.283702 0.169428 -0.486573 0.581039 0.0476932 0.280864 -0.546018 0.297073 -0.116067 0.523639 -0.0252346 -0.102862 0.121845 -0.273802 0.759454 0.2899 -0.412684 -0.222725 -0.074513 0.593976 -0.0168112 
-0.330602 0.130458 -0.36716 0.759363 0.304799 -0.505954 -0.118117 0.214091 -0.653158 0.055848 -0.154115 0.149434 -0.0443716 -0.45141 -0.0046393 -0.294537 -0.511916 -0.271038 0.496711 -0.161896 0.227525 0.144084 0.771718 0.012791 -0.182997 -0.399606 -0.127212 0.844782 -0.653138 0.0765926 -0.232619 -0.0244688 -0.672072 0.109689 0.18703 -0.160093 -0.0534073 -0.0251992 0.208221 -0.0553505 -0.0116226 0.197489 0.363754 -0.931491 0.00710255 -0.163206 0.476228 -0.543793 -0.0290611 0.0155517 0.36378 0.499837 -0.239581 0.298526 1.1128 0.148254 -0.258153 -0.0250606 -0.479514 -0.497943 -0.252171 -0.294513 0.379664 0.425405 0.383095 0.0721648 -0.529512 0.479319 0.510788 0.137041 -0.206665 0.0569082 0.48126 0.367814 -0.189221 -0.123877 -1.10967 0.275454 0.0695726 -0.643123 
0.600638 0.232562 -0.568954 0.150514 -0.340359 -0.0702126 0.485249 -0.190703 -0.62679 0.0266145 0.129406 0.139514 0.270983 0.330836 0.462655 -0.356549 0.0773087 0.609121 0.406389 0.176621 -0.792808 0.835934 0.500914 0.43395 0.55808 0.051808 0.146612 -0.355662 0.475695 0.101363 0.0211045 0.470991 0.229064 0.0346973 0.637168 -0.04933 -0.331664 0.524619 0.345183 -0.299503 0.300605 -0.236082 -0.870855 -0.116105 -0.401692 0.459778 0.123449 0.654328 -0.0873684 0.905185 0.231356 0.153749 -0.598339 -0.34406 -1.0004 -0.394475 -0.0314711 0.00597852 0.310871 0.159498 -0.116686 -0.681799 -0.0917042 -0.298545 -0.429038 -0.137322 0.421424 0.145599 -0.728937 -0.485264 0.447516 -0.553634 -1.05878 -0.845164 -0.0324341 0.243477 0.408346 0.108856 0.745496 0.12417 
-0.181262 -0.391158 -0.0659969 -0.0419574 0.440519 0.097383 -0.478113 0.507655 -0.398148 0.251191 -0.868867 0.478613 0.150071 0.00229402 0.00647376 -0.408367 0.265203 -0.778848 0.512105 -0.665126 0.441593 0.26554 -0.18669 -0.246204 0.055473 0.902037 -0.29456 0.542047 0.343722 -0.344548 -0.526326 0.444674 -0.61218 0.73822 -0.104514 -0.631094 -0.0424952 0.0824511 -0.016458 -0.102272 0.108162 0.952007 0.589302 0.188435 -0.423543 -0.385557 -0.466378 0.0710302 -0.150362 0.796853 0.197658 -0.0596152 0.289617 0.108671 -0.173753 -0.202715 -0.432739 0.347272 0.0638063 0.17011 0.0919693 0.672168 -0.245372 -0.409458 -0.380497 -0.19611 0.473212 -0.56487 0.459961 -0.00970427 0.936959 0.134173 -0.350347 -0.0726522 -0.593529 -0.315151 0.12157 0.0388044 0.304708 -0.553997 
-0.20207 0.0200962 -0.297827 -0.0435251 -0.0979825 -0.312214 0.763543 0.0325122 0.222376 0.265261 0.0117908 -0.208747 -0.0035335 -1.09569 0.395125 0.284755 0.71271 0.349677 -0.349033 0.152649 0.564414 -1.08736 -0.686521 -0.255386 0.244409 -0.278057 -0.0567422 -0.400002 -0.0377502 0.133973 0.592954 0.760164 -0.0237806 -0.960363 -0.0929223 1.20495 0.14651 -0.98732 0.53858 -0.869466 0.529658 -0.536209 0.0264741 -0.239468 -0.469627 -0.755959 0.325118 0.332459 0.709065 -0.045484 -0.0092782 0.327556 0.0762387 0.170341 -0.0170722 0.17329 0.807419 0.0351238 0.114269 -0.430947 -0.281207 -0.476176 0.148596 0.277351 -0.138955 0.14989 -0.184241 1.23837 0.13813 0.0547042 -0.427502 -0.451239 0.101995 -0.23034 0.0379923 -0.0921932 0.226946 0.246032 -0.564688 0.387462 
0.596538 -0.226419 -0.0992612 0.144379 0.553623 -0.858577 -0.117768 0.136382 -0.567275 0.276586 -0.328687 -0.384733 -0.412005 0.129954 -0.373184 -0.442618 -0.499314 0.294794 0.442099 -0.30733 -0.289762 -0.586185 0.890022 -0.38974 0.568407 0.053113 -0.107342 0.0628118 -0.0904933 -0.2791 0.776565 1.59867 -0.715819 0.150371 0.787938 -0.130602 -0.373396 -0.331352 0.864704 0.420755 0.715385 0.494985 0.239942 0.0719923 0.584421 -0.362636 -0.926669 -0.14008 0.260383 -0.2044 -0.369233 -0.453338 -0.565903 -0.0783434 -0.514433 -0.56406 -0.0980614 -0.39833 0.3678 -0.795959 -0.00899982 1.15272 0.194183 0.809259 0.146935 0.180153 -0.173745 -0.50438 0.0674003 0.102035 -0.0322442 0.209253 0.0140301 -0.794948 0.469917 -0.0703709 -0.282743 -0.146469 0.472652 0.0455353 
-0.572717 0.429802 0.0309827 -0.626153 0.00303861 0.0301492 0.14096 0.0122109 0.775636 -0.112265 0.411122 -0.44905 0.252912 0.522439 -0.274172 -0.881755 -0.329166 0.346287 0.620048 -0.157785 0.0281623 0.0907317 0.444911 0.940938 0.231923 0.547652 -0.00764309 -0.0264549 0.164616 -0.0163202 0.575906 -0.556572 -0.562433 -0.253358 -0.0257139 -0.579936 -0.0556495 0.0857724 0.292664 -0.034967 -0.458263 0.349129 -0.101061 0.142939 0.0811822 -0.173809 0.421892 0.0839554 -0.252412 -0.174591 0.128754 0.245861 0.36979 -0.190395 0.35933 -0.311029 0.214947 -0.411848 0.218906 0.375952 -0.291413 0.413648 0.248412 0.588961 -0.366535 -0.115584 0.560726 -0.230397 0.651831 0.00317574 0.420387 0.379042 0.363658 -0.0802442 0.0951604 0.309046 0.238437 0.0265862 -0.609573 0.331502 
-0.114448 -0.347077 0.597136 0.292949 -0.387379 0.0588133 0.61042 0.182723 -0.0568131 -0.347952 0.681035 -0.573853 0.399349 0.249437 -0.347515 -0.391589 0.606942 -0.465689 -0.0176036 -0.56741 -0.649413 -0.229575 0.143677 0.0350357 -0.270835 -0.205626 0.0464411 0.246113 -0.400018 -0.560246 0.12696 -0.487483 -0.589516 0.0398741 0.385399 -0.438248 -0.409995 0.329805 -0.143568 -0.0572028 -0.705147 -0.559619 -0.377742 -0.0353585 0.718873 0.743815 -0.170279 -0.15177 0.577059 -0.196804 -0.60575 0.376599 -0.0241439 0.289012 -0.169272 -0.605243 -0.168 0.11469 -0.0731613 0.769067 0.414996 0.160156 -0.0689789 -0.553225 -0.617965 0.144854 0.19695 -0.144943 0.311067 0.330833 -0.0754876 0.247373 0.318713 -0.319084 0.70704 -0.0659598 -0.884033 -0.208656 0.0848375 0.237012 
-0.0236651 0.785011 -0.151179 0.0161074 0.646495 -0.442453 0.173571 -0.538314 -0.841103 -0.115078 -0.233924 -0.435522 -0.397775 -0.430636 0.837296 0.581609 0.292384 0.725817 0.00488582 0.133827 -0.854378 0.668553 0.324092 0.576965 -0.484124 0.11969 -0.60554 -1.05725 0.515902 0.13495 0.583345 -0.399436 0.483085 -0.0521339 -0.223691 -0.14668 0.587266 0.495949 0.705221 0.168893 -1.01906 0.345939 0.326313 -0.446384 0.599624 0.912726 -0.099022 -0.460195 0.805914 0.143184 -0.326979 0.0266056 0.539906 0.533291 -0.00187376 0.662223 -0.36813 -0.149985 -0.270045 -0.39941 -0.384955 0.0558487 -0.494629 -0.477372 -0.204942 0.353304 0.0538257 0.167302 -0.701899 -0.285113 -0.435478 -0.0552876 -0.276063 0.301438 -0.401649 0.335 0.214219 0.530568 0.358254 -0.980478 
-0.371457 0.345377 -0.0489485 -0.617062 0.164119 -0.233474 0.23852 -0.126562 -0.735979 -0.0958824 -0.1538 0.778804 0.199322 -0.0175839 0.0877662 -0.434068 -0.487466 -0.236663 0.0918317 -0.227485 0.0740716 0.247558 0.0931502 -0.277678 -0.27392 -0.0938996 0.218251 -0.010078 -0.843451 0.707413 0.499282 0.0414973 -0.415374 -0.0768881 0.733219 -0.296433 -0.145217 0.907946 0.136417 -0.197542 0.906607 0.403775 -0.685133 -0.351815 0.527385 0.242137 -0.131016 -0.0998846 -0.628527 -0.564599 0.286892 -0.422406 -0.126756 -0.535801 0.12462 -0.560155 -0.479643 0.614721 -0.0109051 0.259337 0.694966 0.382017 -0.611337 0.37358 0.0653059 0.397506 0.368968 -0.631548 0.00195289 -0.255794 0.406686 0.500555 -0.506319 0.11243 -0.121222 0.45961 -0.362215 0.118529 0.672083 -0.822721 
-0.551791 -0.328307 -0.295357 1.16449 -0.107343 0.163106 -0.18475 -1.16681 -0.741788 0.78802 -0.430041 -0.0113292 0.254621 -0.252152 0.28746 0.181685 0.37353 -0.109184 -0.283511 0.35012 0.425373 0.0385754 -0.421932 -0.971259 -0.09948 -0.280136 -0.0950948 -0.114267 0.130206 0.142709 -0.400039 0.0532965 -0.423418 -0.76329 0.499725 -0.854693 -0.582531 0.452264 -0.120672 0.104356 0.754334 -0.58371 0.580361 0.18592 0.20179 -0.423509 -0.510211 -0.307267 -0.092959 0.120938 -0.0208129 -0.598339 -0.888272 0.235713 0.25255 0.0723286 -0.0258052 0.321112 -0.44132 -0.607954 0.961628 -0.438766 -0.332321 0.00532841 -0.156841 0.583126 -0.219261 -0.453014 0.424439 -0.501187 -0.571838 -0.0474144 -0.137826 0.108006 -0.386804 -0.279578 -0.0594196 0.409263 -0.66055 0.331887 
0.71546 0.537565 0.121666 0.242717 0.139891 -0.540351 -0.172593 0.401682 0.450987 0.138635 0.167902 -0.0318484 -0.568481 -0.597187 0.0910006 0.135214 -0.0563971 0.211094 0.328191 0.342621 -0.0190438 -0.462013 0.349764 0.0802212 0.869689 0.557798 0.400158 0.100256 0.831359 -0.314859 -0.886618 -0.139014 -0.291583 -0.687216 0.102296 -0.198392 0.0100206 0.382596 0.0360227 0.00558428 -0.125127 0.532827 -0.31189 0.631117 -0.325267 -0.231029 -0.384745 0.131237 -0.111429 -0.0321743 -0.919938 0.326453 -0.753741 0.0851958 0.0045078 -0.355903 -0.249086 -0.79169 0.587392 0.0968598 -0.40506 -0.0813764 0.326467 -0.893414 0.232488 -0.269109 0.133366 0.168524 -0.327205 -0.257956 0.690441 -0.0687925 -0.143591 0.0319351 0.248867 -0.557526 -0.540057 0.151059 -0.0639279 0.133372 
0.187211 -0.0258549 -0.308263 -0.253046 0.649438 0.122579 -0.508266 -0.13279 -0.481525 0.211144 -0.0538008 -0.892731 -0.260993 0.573502 -0.131859 0.106251 -0.17758 -0.115517 -0.518593 0.323446 0.450555 0.228738 0.0624351 0.360572 0.228267 0.487318 0.283695 0.515051 0.496337 -0.544343 -0.578747 0.0171463 0.0227481 0.291099 0.856185 -0.0902378 -0.388383 -0.228972 -0.0777026 0.11078 -0.486787 0.206257 -0.539214 0.412637 -0.0644456 -0.207038 0.110069 -0.11161 0.540517 0.312509 -0.078561 0.0913807 -0.50137 -0.024027 -0.114887 0.774339 -0.0739528 0.434221 -0.217807 0.325505 -0.0519428 -0.0688224 -0.166888 0.446697 0.0953945 -0.165223 -0.0150242 -0.221184 -0.021138 -0.469738 -0.550474 -0.321826 -0.460758 -0.0460965 -0.969647 -0.219033 -0.472338 -0.0394 -0.415549 0.0298408 
-0.290482 -0.661369 0.330291 0.0717848 -0.435712 0.46494 -0.420951 -0.486471 -0.27942 0.610686 -0.0921521 -0.0260299 -0.235078 -0.518987 0.0319299 -0.225148 0.175253 0.360134 0.159312 -0.208922 0.49554 -0.719321 -0.208407 -0.622086 -0.644848 -0.383016 0.724392 -0.211765 -0.0485805 -0.454542 0.373772 0.177245 -0.0834018 -0.0816898 0.0632988 0.193203 0.778883 -0.00613682 0.836703 -0.627583 -0.783894 -0.498229 -0.395276 0.388144 -0.175873 0.688524 0.0376147 0.834538 -0.623296 -0.195652 0.564326 -0.536206 0.655983 0.207558 -0.505176 -0.0846139 0.216173 0.262792 -0.415639 -0.236565 -0.263041 0.121427 0.0828642 0.686622 0.455586 0.274744 0.292448 0.081956 0.34662 -0.184971 -0.0536929 -0.182266 0.406413 -0.383333 -0.957729 -0.510228 0.511253 0.448024 -0.728304 -0.131604 
0.397894 0.107831 -0.0686879 0.0212764 0.236523 -0.223353 -1.10892 0.184797 -0.599273 0.535189 -0.0996454 0.267342 0.31307 -0.693502 0.217073 -0.0806419 -1.12799 0.337057 -0.586188 -0.0529127 0.346562 -0.00334421 0.19855 0.0136435 0.163825 0.235075 -0.0287616 0.178066 0.32194 -0.12864 -0.687596 0.115941 0.389839 -0.338889 -0.23453 0.3015 -0.0660038 -0.486666 0.373551 0.0794409 0.212488 -0.268593 -0.0791918 0.354893 0.174547 0.114792 0.171537 -0.107636 0.185696 0.389974 0.36599 0.394313 0.904999 -0.0302237 0.23692 -0.101439 0.919353 0.210073 0.187409 0.0436308 -1.12209 0.184896 0.240814 -0.634585 -0.280726 0.586953 -0.224549 0.415711 -0.217585 -0.0216663 -0.35192 -0.376538 -0.252857 0.129164 0.83533 0.260678 -0.775422 0.287938 0.141886 0.205295 
-0.1863 -0.0487965 -0.857093 -0.2729 -0.312879 -0.504603 0.531694 -0.161828 -0.40898 -0.134128 0.617432 -0.224993 -0.734603 -0.272024 -0.122665 -0.410302 0.77606 -0.484418 0.584708 -1.00338 -0.298098 -0.191515 -0.516654 -0.105765 -0.283136 0.246555 -0.18194 0.30945 0.691976 -0.477199 0.17929 -0.0174671 -0.34689 -0.167731 -0.0792544 -0.103344 -0.230318 0.470019 -0.0300137 0.198488 0.237144 0.0612047 0.263714 0.166606 -0.611571 0.0683369 -0.266883 0.438846 0.333862 0.188757 0.286226 -0.264839 0.565448 0.0659449 -0.608024 0.953163 -0.250908 -0.387236 -0.0498207 0.293107 -0.0148895 -0.357255 0.709156 -0.431306 0.516343 0.416216 -0.0406752 -0.176429 -0.584873 -0.770185 0.307044 0.0540832 -0.671883 0.431612 -0.345125 -0.0224658 -0.265388 -0.273281 0.969437 -0.219329 
-0.935499 0.39704 0.381091 0.179552 0.0903287 -0.414219 0.0491827 -0.479682 -0.135873 0.762869 0.548964 -0.125727 0.299799 -0.261341 -0.111341 0.620333 -0.809269 -0.16829 -0.00240343 -0.292387 0.479962 0.331736 0.0206654 0.10902 0.194934 0.330072 0.215509 -0.206638 -0.250624 0.075606 -0.185474 0.175348 0.210594 -0.181014 -0.2624 0.115226 -0.25196 0.428031 -0.243526 0.406483 0.250258 0.133812 -0.119002 0.282964 0.194166 0.0291982 0.260261 0.0249849 0.515171 -0.168193 -0.168187 0.447796 0.154879 -0.250258 0.115388 0.206027 0.262364 -0.363788 0.642676 -0.510423 0.35173 -0.28307 -0.122149 0.0273676 -0.133922 0.0990979 -0.388064 -0.102035 -0.339209 0.183115 -0.140291 -0.927603 -0.133664 0.0749635 -0.104516 0.328943 0.29902 0.506153 0.168624 -0.500455 
-0.013228 0.246423 -0.214354 0.475972 0.0877302 -0.482474 0.599007 0.297876 -0.0650968 0.502247 -0.105554 0.415953 0.15753 0.433429 0.319552 0.100219 -0.0391681 -0.747638 -0.560303 -0.837607 -0.403021 -0.0547976 0.517355 0.785388 -0.164386 -0.257666 -0.0304332 0.363998 -0.445137 -0.0421706 -0.127708 -0.156126 -0.251099 -0.568795 -0.266898 -0.771177 -0.240714 -0.304691 0.0422344 0.472042 -0.213204 -0.214982 0.21692 0.110248 -0.225196 -0.425678 0.0507769 -1.00359 -0.232796 -0.916482 -0.0676916 -0.281237 0.100108 -0.205361 0.521665 -0.302758 -0.333851 -0.27595 -0.485564 0.0398103 -0.323328 -0.220561 -0.062502 0.00717794 -0.337825 0.136081 0.0390816 0.337383 0.406938 -0.144107 -0.00792417 -0.390919 -0.38674 -0.112821 0.562669 0.917027 0.121427 -0.375971 -0.16799 -0.728881 
0.048767 0.760469 0.116274 0.226871 0.606205 -0.69291 -0.325339 -0.705448 0.083304 -0.00131132 -0.540796 -0.0423372 0.334898 0.180546 -0.197754 -0.165486 0.126079 0.60646 0.130976 -0.389869 0.294691 -1.06281 0.479335 0.459112 -0.234783 0.64989 -0.258394 -0.240945 -0.325904 -0.183425 -0.424453 0.543208 0.441787 0.063688 -0.523991 0.159326 -0.538546 -0.210978 -0.981771 0.190283 0.0528038 0.402823 0.131828 0.0190855 -0.294476 0.183359 -0.461946 -0.200927 0.871729 0.208968 -0.438146 0.179049 0.892866 -0.20969 -0.119968 -0.354467 0.11469 -0.397431 -0.234236 -0.353858 -0.170605 0.671423 0.230573 0.191893 0.277717 0.0750612 -0.483959 -0.31027 0.389754 -0.346585 -0.328164 0.654326 0.836068 -0.0597802 0.00570792 0.327747 -0.3037 0.162203 0.389446 -0.611214 
0.38859 -0.41077 0.714972 -0.332329 -0.201116 -0.442819 0.0447199 0.0317244 -0.0805984 -0.0987608 -0.32375 -0.291513 -0.255682 -0.570228 -0.153907 0.0397606 -0.287915 -0.0693058 0.0351581 0.0457606 0.301223 -0.246634 0.524291 0.492482 0.561127 0.49134 0.381642 0.578082 -0.551318 0.622854 -0.365594 -0.25802 -0.233969 0.148791 -0.211301 0.602988 -0.184507 0.492444 0.395665 -0.329196 -0.804569 -0.202463 1.00795 -0.463171 -0.264137 -0.469098 -0.341748 -0.0136495 -0.0748727 -0.30198 -0.370895 -0.715917 0.916553 -0.0815918 -0.139015 0.213588 0.0408611 -0.567107 0.606908 0.389243 0.0361968 -0.258375 -0.0578548 -0.696592 -0.535786 1.22881 0.429857 -0.0448595 -0.647737 -0.202185 0.512987 -0.189867 0.950191 0.153678 -0.158301 0.353324 -0.56655 0.100746 0.376847 0.335923 
-0.262342 -0.443886 0.252491 -0.203758 0.057095 0.528166 0.589691 0.299172 0.515573 0.438822 0.519377 0.264009 0.632386 -0.162263 0.00165512 -0.148192 0.0836523 0.83674 -0.396411 -0.245583 -0.043807 -0.312005 -0.271192 -0.29746 0.0241177 -0.51972 -0.708441 -0.516226 -1.0196 -0.447433 -0.683278 0.271949 -0.79656 0.127334 -0.299472 0.379606 -0.234564 -0.0892025 0.472519 0.588249 0.248775 -0.382357 0.333863 0.011163 0.320736 -0.164314 0.109525 -0.621388 -0.0842988 0.606748 0.126171 0.711304 -0.26802 0.765536 0.673016 -0.419335 0.236222 0.569531 -0.758457 0.64299 0.256627 0.349434 0.107674 -0.288474 0.756949 0.647784 0.0278279 0.745426 0.145672 0.010195 -0.777113 0.706434 -0.3603 0.762721 -1.26823 0.344584 0.181313 0.591221 -0.141293 0.095737 
0.753838 0.0367853 -0.0347642 -0.117477 0.26434 0.50458 -0.187145 -0.129577 0.253454 -0.336227 0.0396058 -0.0384162 -0.527509 -0.308749 0.373893 0.722944 -0.12077 0.584193 -0.606494 0.393163 -0.571251 -0.316868 -0.541424 -0.023226 0.15405 -0.51029 0.0052343 -0.383851 -0.455636 -0.223019 -0.396048 0.991979 -0.639488 0.0966964 0.343878 -0.0342216 0.049513 -0.0538728 -0.223892 0.484165 -0.221792 -0.37154 0.441316 -0.261261 -0.0524841 -0.263062 -0.0784319 -0.0322934 0.395027 -0.277477 -0.353476 -0.0101289 -0.403223 -0.337662 0.0370892 0.268283 0.0187606 -0.012371 0.21078 -0.292387 -0.0231393 -0.527417 0.0736107 -0.44327 0.0267533 0.334923 -0.512977 0.304777 -0.270118 -1.1262 -0.118279 0.186206 -0.212125 -0.113522 -0.369976 0.672176 0.396107 0.00698948 0.327462 0.151863 
-0.549787 -0.00504752 -0.56279 0.0958504 -1.06053 0.131282 0.403419 0.0673643 -0.81544 0.19264 -0.258391 -0.405999 0.503955 0.579162 -0.0473527 -0.15944 0.204219 0.308165 -0.378612 -0.0413929 0.0395937 -0.473687 -0.760085 0.438273 -0.426769 0.447916 0.86888 -0.608181 -0.154459 0.612307 0.487661 0.019992 -0.184164 0.465472 0.23922 -0.0519682 -0.992581 -0.389457 0.416668 0.0261033 0.445455 -0.0538351 -0.315555 0.00194545 0.0899479 -0.270009 -0.255422 0.162279 1.07745 0.526232 0.99017 0.434156 0.309804 0.198817 -0.174183 -0.293511 0.211783 0.405114 0.346109 0.177391 0.220971 0.895751 -0.0970195 -0.288279 0.698239 -0.351264 -0.412644 -0.55281 -0.0302471 0.299247 -0.550978 0.75474 0.124819 0.867267 0.00490737 0.439623 -0.370087 0.473469 -0.17515 0.29935 
-0.107473 -0.0885211 -0.0191396 -0.593276 0.667518 -0.231194 -0.106472 -0.417509 -0.00908041 -0.0306822 0.478928 -0.243607 -0.437295 0.559402 -0.312126 0.813016 -0.279073 0.219391 -0.165223 0.221862 0.410236 0.0106837 -0.206673 0.711249 -0.141835 0.181971 -0.0281997 0.221803 -0.289804 0.0480621 -0.562047 0.0730741 0.313432 0.383482 -0.197339 0.750961 -0.431351 0.128401 -0.901835 -0.0481095 -0.143849 -0.423547 0.211043 -0.250249 -0.469515 -0.166428 -0.537879 0.25781 -0.598599 -0.251876 -0.773076 -0.765085 -0.933072 0.124233 0.675941 0.264656 0.11277 0.421081 -0.231874 0.466628 0.180727 0.134005 0.657991 -0.158903 -0.131934 0.123453 -0.042336 0.626447 -0.0474794 0.0413306 0.370072 -0.751739 0.370806 0.228889 -0.75576 -0.0304552 -0.527731 0.825095 -0.178954 -0.178281 
-0.169598 0.425785 -0.0263099 0.626322 0.00166312 0.0146597 0.822893 0.143064 0.186924 0.237413 -0.176738 0.242092 0.614179 -0.174666 0.0724661 -1.06432 0.482787 0.400078 0.843586 -0.770508 -0.265604 0.368809 0.37466 -0.106581 0.99975 0.43745 0.201574 -0.170022 -0.292847 -0.554599 -1.08146 0.392552 0.638104 -0.0886996 0.0546279 0.28832 -0.457762 0.601206 -0.00918938 -0.0183654 0.378677 -0.569694 -0.203288 0.313523 -0.099067 0.328708 -0.0187791 -0.10859 -0.371518 -0.00645689 0.299182 -0.194341 -0.324172 -0.464992 -0.351584 0.0508837 -0.349283 0.0393535 0.0711126 -0.215719 -0.528072 0.618208 -0.414476 -0.141442 0.534764 0.0608295 0.503257 0.52253 1.24868 0.398774 0.563048 -0.611164 -0.239105 -0.67284 0.469336 -0.768354 0.283223 -0.697736 -0.518465 0.335023 
-0.339216 -0.262855 -0.391635 0.230118 -0.207261 0.027401 -0.216458 0.257066 -0.078382 -0.44714 0.863064 0.225112 0.265964 0.322228 0.117358 0.556631 -0.33853 -0.605077 0.127935 -0.281919 -0.408551 0.49451 -0.223533 -0.525616 0.486582 -0.104773 0.30108 -0.185997 -0.298499 0.713947 0.0386119 -0.331704 -0.479099 0.255574 -0.302382 -0.00541327 0.546804 -0.896085 -0.288478 -0.169803 -0.448337 -0.329004 0.665409 0.161257 0.417696 -0.345773 0.136347 0.117835 0.448193 -0.401511 -0.0688802 -0.54184 0.170414 0.0717592 0.482014 0.447431 -0.00458043 1.10701 0.0862787 0.275798 0.0787493 -0.330012 0.203075 -0.106555 0.577833 0.415077 0.531227 -1.04731 0.261703 -0.0430385 -0.334941 0.510404 0.279365 0.305716 -0.32629 -0.0280846 0.563439 -0.165325 -0.268046 -0.124969 
-0.364029 0.103649 -0.673788 0.295922 0.346401 -0.0583246 0.084972 0.255903 0.162533 -0.506911 0.0443737 0.337926 0.373897 0.376559 0.393248 0.306955 -0.161683 0.450244 -0.763611 -0.0609134 -0.420338 0.550193 -0.223426 0.610099 -1.03882 0.7571 0.133168 -0.405993 -0.368541 -0.553147 0.0720029 -0.606244 0.19733 0.139868 -0.28587 0.364906 0.149979 -0.63361 -0.361212 0.42815 0.525974 -0.139048 -0.175918 -0.351633 -0.0221957 0.208609 -0.579037 0.273431 -0.18069 0.0143548 -0.194861 0.335931 -0.305903 -0.192287 0.187022 0.433537 -0.531716 -0.407466 -0.206665 0.0514295 0.0210346 -0.667948 -0.123469 0.830403 -0.125711 0.6029 0.165297 -0.666544 -0.0667055 0.0174288 -0.738737 0.223716 -0.431887 0.401347 0.0566658 -0.435122 -0.0962763 0.0178212 -0.844059 -0.433552 
0.134042 -0.363826 0.697781 -0.550627 -0.448049 0.0673395 -0.206838 -0.246233 0.199788 0.491695 0.211944 0.31738 -0.147366 -0.126772 0.13576 -0.416153 -0.422437 0.0284523 0.212811 -0.179039 0.754972 0.426184 -0.0553661 -0.269104 -0.526142 0.623303 -0.404865 -0.659076 -0.0632399 -0.0292969 0.442699 -0.0986691 0.274172 -0.295249 0.211515 0.101292 -0.225197 0.0522605 0.002404 -0.0819462 -0.276721 0.451381 -0.205903 0.764072 0.19512 -0.00540505 -0.215295 -0.515456 -0.274024 0.344928 -0.304003 0.0428952 -0.0940111 0.135791 -0.546056 -0.0760042 -0.178765 0.54416 0.48214 0.252483 -0.725051 0.123735 -0.402581 -0.267712 -0.237285 -0.38503 0.867832 -0.492429 -0.672719 1.00597 0.430939 -0.0384435 0.211077 -0.44221 -0.348266 0.17266 -0.588531 -0.200669 0.0884824 0.0626821 
0.100863 -0.497038 0.544154 -0.120779 0.737257 -0.253843 -0.323831 -0.297664 -0.0392376 0.184302 -0.3663 -0.0111201 0.266145 -0.24117 -0.176348 -0.675325 -0.441973 0.264435 -0.153757 0.627475 0.163409 -0.62111 0.258369 0.252849 -0.7118 0.233493 0.68316 0.0306748 0.172531 -0.002959 -0.55944 0.100704 -0.749131 -0.349493 -0.283821 -0.0767687 0.135701 -0.456814 0.0397775 0.19546 -0.267574 -0.903524 -0.467137 -0.254874 0.585076 -0.458555 -0.0531628 -0.0929653 0.835154 0.0717475 0.45916 -0.00681007 0.202398 0.493624 0.238685 1.02195 0.47454 0.539985 -0.0423669 0.195798 -0.760482 0.0638268 -0.128866 0.250636 -0.256244 -0.736368 0.0720041 -0.22024 -0.42453 0.141084 -0.305136 -0.0208309 -0.448588 -0.179998 0.177467 0.205237 0.730312 -0.369082 0.335398 -0.18718 
0.363276 0.102208 -0.234888 -0.145042 0.673741 0.190647 -0.11855 0.767745 -0.54772 -0.0716927 -0.0167962 0.275817 -0.132007 0.466812 0.141657 0.183287 -0.730231 0.692645 0.226452 0.299873 0.301901 0.332584 -0.495219 -0.315302 0.640204 -0.0484521 0.290682 0.0703473 -0.371978 0.339489 -0.574856 -0.189655 -0.499107 -0.187908 0.122011 -0.742713 -0.0456307 -0.192234 -0.0381404 -0.061259 0.202974 0.343646 -0.206325 0.20351 0.123184 -1.07803 -0.149946 0.0313466 -0.448947 -0.108374 0.295869 0.383532 -0.0891641 0.0145454 0.173397 0.0764006 -0.193832 0.693153 0.207507 0.123651 -0.132535 0.2015 -0.455911 -0.167304 -0.151358 0.0665119 -0.393411 -0.880158 0.472934 0.278252 -0.0888339 -0.126722 0.341834 -0.578109 -0.275741 1.1745 0.308711 -0.180629 0.0868031 -0.270511 
-0.00970572 0.435395 -0.467931 0.0435816 0.792136 0.0020665 0.104515 0.712596 -0.500902 -0.307547 -0.738404 -0.226944 0.527133 0.419098 0.560641 -0.134733 0.834802 -0.0406773 -0.619635 -0.0355703 -0.352256 -0.305475 -0.186996 -0.0174509 -0.0176278 0.138375 -0.13205 0.107239 0.400609 -0.230574 0.521939 0.415797 0.296331 0.0270841 0.109536 0.679378 0.161107 0.479015 0.215336 -0.294846 0.557468 0.0138876 -0.315073 -0.339061 0.0483714 0.0325299 -0.516059 -0.0166466 0.06702 -0.0195544 -0.555266 -0.565155 -0.422599 -0.393142 -0.535956 0.35294 -0.28546 -0.0806144 -0.285017 0.389413 -0.620489 -0.162861 0.658651 -0.16075 0.118743 0.355098 -0.656518 -1.17263 0.692655 -0.140014 -0.0880768 -0.472291 -0.147644 0.779005 -0.122676 -0.289775 0.429477 0.177434 0.16878 1.0111 
-0.368162 0.547995 0.475692 0.000689865 0.357611 -0.661161 -0.152964 -0.0332115 0.612629 0.285576 0.831171 1.07023 0.60376 -0.18716 -0.169112 0.366099 -0.423403 0.0944791 -0.356786 -0.98017 0.0423802 0.13966 0.0506163 -0.235529 -0.529551 -0.725681 0.231707 0.0548999 -0.0625055 -0.576302 0.137839 -0.169501 -0.609225 0.00425817 -0.340191 0.0723876 0.325562 -0.380506 -0.481351 -0.127223 -0.365414 -0.499034 0.391737 0.498795 0.0965147 0.676852 0.354066 -0.346171 -0.162621 0.103352 -0.0183017 -0.648533 -0.185753 0.493605 0.185716 -0.0962424 0.615158 -0.0804124 0.249528 0.126833 -0.180054 -0.560451 -0.0122373 -0.224507 0.272225 -0.170352 0.873399 0.236161 -0.216387 0.112768 -0.236264 0.68872 -0.408055 0.135442 -0.0253858 -0.125805 -0.494216 0.304725 -0.187576 -0.0772325 
0.102554 -0.282787 0.0438336 0.548649 0.37878 0.0315695 0.389379 0.326866 -0.134494 0.168844 -0.438828 -0.517228 -0.145597 0.147358 -0.219956 -0.571485 0.825078 -0.33722 -0.0202408 0.371003 -0.0611687 0.466684 0.231617 0.310291 0.146569 -0.174547 -0.450196 0.122577 -0.355572 -0.239677 0.344405 -0.157548 -0.159055 -0.463537 -0.269999 -0.791708 -0.0889823 0.62651 0.743437 0.557089 -0.506767 0.502691 0.53609 -0.64096 0.0618567 0.556272 -0.826978 0.488274 0.124389 0.384597 0.309643 -0.290227 -0.281158 0.375593 -0.133462 0.342342 0.177279 -0.120933 -0.176509 -0.39947 0.433615 0.107072 0.667266 -0.219139 0.353251 -0.0970086 -0.773203 0.139697 -0.0484112 0.49804 0.402193 -0.5721 -0.72614 0.246708 0.770328 0.109979 -0.277099 -0.208177 0.140228 0.0537237 
-0.147534 -0.0750901 0.154902 0.110183 0.775076 0.741126 -0.406109 0.0691294 0.370722 0.196986 0.913996 0.285977 -0.929751 0.621157 0.45333 -0.555064 -0.180439 -0.237493 -0.0715602 -0.0994397 -0.423447 0.581478 -0.189156 -0.257615 -0.337041 1.03548 -0.652055 -0.32848 0.111338 -0.189455 0.137519 -0.202314 -0.361102 -0.0912934 -0.756309 -0.480052 0.614812 0.230008 0.0636273 -0.031099 0.271262 -0.302797 0.195079 0.908213 0.196873 -0.298444 -0.221983 -0.823321 -0.890016 -0.56501 -0.796518 0.0896036 -0.286811 -0.304366 0.87431 -0.244074 0.0585337 -0.277463 0.573038 -0.0461144 0.527067 -0.344864 0.717899 -0.0645014 -0.624878 -0.196405 0.00107367 0.610839 0.245739 -0.373285 0.517632 0.384471 -0.414697 -0.0581087 1.04715 0.888973 0.314899 0.344535 -0.233303 0.0259504 
-0.0771741 -0.414191 -0.152682 0.170538 -0.133838 -0.324404 -0.0684542 -0.160137 0.120854 -0.308063 0.127071 -0.354134 -0.496016 -0.465293 -0.225159 -0.202765 0.324811 0.205462 -0.212567 -0.36557 -0.893654 -0.390492 0.00912361 -0.466502 0.0942965 -0.0988353 -0.263449 -0.140365 -0.495345 -0.0804737 -0.586694 0.683069 -0.0161913 -0.196008 0.106684 -0.83769 0.342725 -0.0903392 -0.385731 0.00888475 -0.461207 0.0303444 0.0154198 0.364616 -0.528216 0.0586809 -0.00024824 0.692464 -0.899393 -0.332567 -0.275481 0.236987 -0.106926 -0.0432769 0.894251 0.32966 -0.300651 0.269834 -0.492682 -0.68541 0.100677 0.344676 0.353163 0.29524 -0.195659 -0.262591 0.638054 -0.534214 0.0282093 0.0212731 0.0606475 -0.296331 0.109153 0.000170743 -0.496076 -0.592278 -0.510344 -0.0289616 -0.0777447 -0.0668459 
0.6762 0.335181 0.0420562 0.0347177 0.0419275 -0.215676 -0.0639904 0.507992 0.642003 -0.127301 0.634217 0.371955 -0.875412 -0.435748 -0.328134 -0.0965264 0.112879 -1.16339 -0.185225 0.329294 -0.0211834 -0.0881264 -0.737886 -0.598246 -0.108317 -0.329792 -0.679847 0.289727 -0.0613873 0.653656 -0.144651 0.349233 -0.0558159 0.105832 1.15218 -0.00492462 0.488188 0.433714 0.0329938 -0.53537 -0.0907574 0.287307 0.765286 0.732211 0.0980093 0.148099 -0.0509859 0.127338 0.172991 -0.176267 0.176307 0.0997863 0.208552 0.351968 -0.0542582 -0.179382 -0.33874 0.694756 -0.530322 -0.823179 -0.379152 0.0958587 -0.20748 -0.0830651 0.350958 0.521866 0.0671571 0.360447 0.281457 -0.63018 0.309087 0.288348 -0.256062 -0.258027 0.159118 0.211677 0.1999 -0.0356517 -0.334493 -0.874433 
0.239879 0.464398 0.0486868 0.0939029 0.0516921 0.300674 0.156068 -0.404707 -0.015895 -0.326062 -0.367822 0.171071 0.596476 -0.399751 0.222918 0.226759 -0.0545438 0.540348 0.201662 -0.218709 -0.448687 0.0884174 -0.348461 -0.341294 0.927475 -0.347185 0.253201 -0.00302861 0.0112135 -0.486005 0.279074 0.142114 -0.0241437 1.00031 -0.484713 0.283597 0.152064 0.0692532 0.426474 0.0896593 0.173717 -0.0346741 0.18513 0.416702 0.732133 0.54031 -0.296179 -0.0360376 0.173096 -0.305829 -0.333758 -0.259248 -0.193027 -0.569334 -0.312527 -0.763297 0.1929 -0.00668606 -0.534215 1.14763 1.32296 0.0921034 0.451002 -0.172939 -0.25333 0.0714815 0.209935 0.23198 0.193917 0.446569 0.379082 0.849305 -0.0903408 -0.234394 -0.121692 -0.288164 -0.578204 0.284984 -0.0822986 0.125327 
-0.0665383 -0.157421 0.389399 0.463466 -0.00613312 -0.393209 0.110519 -0.374912 0.0420976 -0.579166 0.295072 -0.358746 -0.115589 0.509405 0.780651 -0.123357 -0.262811 0.000211252 -0.400224 -0.0240829 0.218161 0.652916 -0.191346 -0.0244189 0.790709 -0.468394 0.34605 0.224495 0.399338 -0.23038 -0.192788 -0.305055 -0.0482265 0.433578 -0.152327 0.0347021 -0.218001 -0.6055 -0.236881 0.172982 0.174704 0.445866 0.0195825 -0.144266 -0.850453 0.227834 0.2711 -0.115935 0.239948 0.0508168 -0.320042 0.59276 0.0838841 0.569349 1.12339 0.547983 0.392816 0.285431 -0.359985 -0.128702 -0.124987 0.974005 0.370963 -0.134661 -0.196004 -0.403719 -0.871944 -0.207889 -0.40102 -0.012401 -0.621564 0.0508801 -0.141078 0.340184 0.163277 0.273213 0.548608 0.526507 0.413761 0.590324 
-0.0109486 -0.171097 -0.450493 -0.456254 -0.889408 -0.757272 0.000421664 -0.206885 -0.116354 0.479017 -0.0150597 -0.691636 -0.263513 -0.288362 -0.00947011 -0.336909 0.17039 -0.285078 0.275108 -0.26779 -0.277266 0.328785 0.412487 -0.557147 -0.0660324 0.729057 0.811186 -0.123233 -0.477452 -0.558225 0.202727 -0.226118 0.0406184 0.267034 -0.406231 -0.6793 0.321522 -0.00559623 0.553649 0.60278 -0.575949 0.441521 -0.467933 -0.214441 0.0491433 0.213179 0.157338 -0.206962 0.063939 -0.426136 0.183334 -0.571823 -0.409714 -0.00502695 -0.395233 0.00760343 0.287451 -0.0765697 -0.199871 0.255456 0.313485 0.705087 -0.0875074 -0.466504 0.242165 0.150968 -0.37725 0.294507 -0.755108 -0.00444515 -0.761535 0.715358 -0.195577 -0.175241 0.557911 -0.736735 0.110716 0.0226076 0.0336418 0.0701979 
-0.223724 0.0148113 -0.449406 0.88903 0.895895 -0.362776 0.12915 0.0204725 -0.21085 0.0557037 -0.232911 0.0296875 0.0195828 -0.560247 -0.29473 -0.290826 0.82978 -0.184441 0.103995 -0.465589 0.416146 0.609105 0.106024 1.04249 -0.0993047 -0.189198 0.877865 0.225159 -0.265284 -0.72306 -0.636583 0.0888957 0.223077 0.17875 0.315737 -0.267251 -0.102426 -0.642746 0.424636 -0.383566 -0.462664 -0.10792 -0.0982726 -0.625132 -0.167885 0.15612 0.193597 -0.214128 1.01817 0.156814 -0.0427615 -0.00743453 0.958101 0.212411 -0.0374692 -0.0890782 -0.0638673 -0.270047 -0.347289 -0.553358 0.845397 -0.470123 0.359828 0.213968 0.38055 0.107661 -0.0655268 0.123669 -0.570635 -0.195809 -0.396092 -0.654559 -0.31508 -0.647289 0.602989 -0.131125 0.206593 0.415652 0.755021 -0.176209 
-0.134416 1.0045 -0.191826 0.264654 0.959694 -0.347834 -0.294056 -0.542224 -0.515472 0.155885 -0.599609 0.42766 0.129763 0.544378 -0.0285636 -0.0353666 -0.295831 -0.268185 0.043103 -0.265333 -0.26397 -0.353807 0.127588 -0.679793 -0.241736 -0.303903 0.113215 0.272664 0.103415 -0.232161 0.177147 -0.128656 0.505759 -0.28242 -0.55545 -0.562898 -0.0463927 0.396973 0.0282583 -0.607562 0.379391 -0.105327 -0.102518 0.758525 0.294435 0.0547644 -0.488139 0.259424 0.363478 -0.162201 -0.192265 -0.466587 -0.516669 0.0105037 -0.475331 0.0340081 -0.131415 -0.460067 0.194655 0.162204 0.172537 0.0854518 -0.544947 -0.209187 -0.160874 0.00165106 0.140484 -0.0169184 -0.447166 0.131228 -0.154627 -0.648512 0.36147 -0.402622 0.122421 -0.57028 0.0605943 -0.506247 -0.211521 0.0216274 
-0.087679 -0.120667 0.329484 -0.542259 0.406097 -0.249877 0.291016 -0.648035 -0.074551 0.312064 -0.379681 -0.695471 -0.186974 0.261211 -0.101768 -0.482861 -0.508361 0.25459 0.1803 0.156632 -0.276848 -0.272617 0.510532 0.625926 0.182125 0.404142 0.737306 0.495758 -0.191143 -0.17068 0.0757949 0.552113 0.309801 -0.351822 -0.00645872 1.31583 0.406599 -0.492502 0.155794 -0.150483 0.111279 -0.0862656 -0.332737 -0.227017 -0.524772 -0.041208 -0.255674 0.707264 0.673187 0.510205 0.257049 -0.171594 0.20671 0.169024 0.174035 0.94258 0.291964 -0.229227 -0.307631 -0.168333 0.17979 -0.0228996 -0.345186 0.255777 -0.113745 0.0152853 -0.539096 -0.831719 -0.748124 0.322774 0.83578 0.138533 -0.392642 0.243557 -0.0806535 -0.306896 0.712115 -0.153184 0.581248 0.152138 
0.309896 0.783603 -0.35938 0.020281 -0.0275292 -0.0103642 -0.832561 -0.179583 -0.0480206 0.125552 -0.146827 0.0752746 0.395455 0.195754 -0.135022 -0.396216 -0.0965961 -0.00166022 -0.474336 -0.81834 -0.308909 0.220941 -0.761179 -0.513772 -0.477343 0.373509 -0.346462 0.0457298 0.145903 -0.457523 -0.265989 0.448347 -0.30251 -0.0344461 -0.0979478 -0.455079 -0.571568 -0.27661 -0.0936214 0.0203254 0.123054 0.278409 0.512743 0.143509 0.208318 0.446615 0.0376071 0.289581 -0.211188 -0.0258726 0.241004 -0.410162 0.0456005 0.364888 0.0501886 -0.114877 -0.263737 -0.185964 -0.494737 -0.196125 -0.302272 -0.105535 1.21308 0.826086 0.858695 -0.0645421 0.314155 0.307116 -0.00685188 0.99619 0.0407881 0.206156 0.0108415 -0.142018 0.292526 0.0729217 -0.125809 -0.567959 -0.189364 -0.000618371 
-0.268921 0.330061 0.386642 0.297585 -0.144868 -0.347736 0.113843 -0.613712 -0.433745 -0.58525 0.403674 -0.286616 0.131188 -0.485834 -0.225987 -0.296118 0.829921 0.418237 0.436936 -0.575528 -0.548503 -0.360054 -0.0809809 0.257364 0.136533 1.26569 -0.148074 0.109423 -0.333082 0.00765254 -1.024 0.680512 -0.456478 -0.0182105 1.02542 -0.480969 -1.00133 0.253404 -0.90943 -0.0631648 0.618701 0.222544 0.212062 -0.931065 0.0735002 -0.115095 -0.214989 -0.00200275 0.405306 -0.206921 0.589375 -0.246381 0.589548 0.940413 0.570794 -0.512835 -0.167275 0.325797 0.120376 -0.49286 0.244198 0.0771732 0.329788 -0.256953 -0.406618 0.792519 -0.641974 -0.617144 -0.108115 0.679117 -0.517572 -0.333615 -0.227069 0.156939 0.397067 -0.201795 0.246267 0.18381 -0.277595 0.0803941 
-0.0552435 0.305855 -0.491237 0.0600369 0.0868867 0.334896 -0.44128 0.418992 0.265842 0.0197887 -0.517075 0.246662 0.219594 0.130659 -0.799447 0.0916184 -0.165723 -0.424978 0.0366224 0.199138 -0.213174 -0.821809 -0.34319 -0.330087 0.316823 -0.597852 -0.152774 -0.380448 -0.266657 -0.246121 -0.114918 0.350686 -0.501622 0.261921 0.478796 0.399701 -0.491647 0.153484 -0.32695 -0.233554 1.03738 0.23838 -0.216609 -0.254647 -0.014674 -0.416081 -0.0656162 -0.26829 -0.249032 -0.567079 0.038997 0.380695 0.142346 0.124212 0.163352 0.428442 -0.523668 -0.914403 0.406209 0.570725 -0.089028 0.078508 0.71628 -0.633897 0.943341 0.032961 0.351433 -0.315397 -0.220015 -0.459062 -0.0721546 -0.659129 -0.541884 0.498265 -0.548946 -0.399514 -0.255052 0.511903 0.13847 -0.129195 
0.393118 0.0577702 -0.0253731 -0.315021 -0.430626 -1.1326 -0.120323 -0.622099 0.134905 0.842234 0.254248 -0.0225544 0.646813 0.241304 0.0314394 -0.0524158 -0.357891 -0.194476 0.182399 0.242269 -0.248848 0.765748 0.547866 0.205469 -0.00409693 -0.359963 -0.777393 0.573261 -0.847172 -0.737172 -0.335699 -0.0320053 0.254043 -0.225955 -0.396303 0.0910164 0.822922 -0.18726 -0.11453 0.176623 0.51165 0.895293 0.535864 0.176562 -0.597332 -0.449964 0.0544639 -0.184008 0.0426572 -0.18491 0.365963 0.174234 0.0426702 0.459361 -0.235996 -0.392888 -0.229503 0.730658 0.0133587 -0.278264 1.08007 -0.799086 -0.345628 -0.469548 -0.522954 0.460639 0.611118 0.17687 -0.371618 -0.0685011 0.514543 -0.351876 -0.67689 0.0787492 0.0835498 0.0423909 -0.563963 0.226391 0.479761 -0.446014 
-0.278238 0.452356 0.213258 1.10552 -0.0852457 0.533161 0.124048 0.291858 0.0506565 -0.316549 -0.430205 -0.615861 -0.0153068 0.00503034 0.690089 -0.178907 -0.446846 0.238203 -0.157395 -0.300901 0.300385 0.531966 -0.027334 -0.223929 -0.0264663 -0.283396 0.0791842 -0.727368 -0.0698241 -0.0570527 -0.228288 -0.0030628 0.0679413 -0.352194 0.490616 0.210414 0.261973 -0.977712 0.75486 0.113793 0.00372048 -0.335697 0.340995 0.582928 -0.502102 0.0375637 0.327307 0.0932937 -0.472149 -0.503027 -0.484916 0.292805 -0.679832 0.192933 -0.532352 -0.316854 -0.564806 0.0203047 -0.0794182 0.145523 -0.110137 0.348965 -0.266646 0.361762 0.269232 -0.258288 0.0823079 -0.905415 -0.178853 0.300256 -0.0159496 -0.0840162 -0.266153 0.0256421 0.645222 0.380354 -0.24315 -0.393673 0.247413 -0.60441 
-0.901424 0.237552 0.00575981 -0.302635 0.202059 -0.100341 0.345058 -0.559028 -0.35164 -0.111702 0.32602 0.15093 0.629662 -0.0900345 -0.194213 0.561678 -0.394162 -0.0952375 -0.0124567 0.0540945 -0.565439 0.028422 -0.72153 -0.000757016 -0.0859043 -0.618136 -0.355017 -0.186418 0.0844898 0.692792 0.111082 -0.155972 0.316751 0.0101444 -0.190761 0.178754 0.069798 -0.120424 -0.150474 0.768968 -0.0765376 -0.21267 0.0975478 0.30666 0.152605 0.107399 -0.00701441 -0.522464 -0.0920789 -0.209956 -0.313563 -0.454451 -0.138696 -0.412755 0.0329619 0.251116 -0.109831 -0.147294 -0.380269 0.107639 0.0278158 0.095352 0.0344151 0.217231 -0.264056 -0.102068 0.666488 0.0188548 -0.127839 0.151099 0.0780527 0.520117 0.281256 -0.271352 0.753478 0.410181 -0.556244 -0.0843738 -0.342671 -0.39193 
-0.367231 0.109619 0.189489 -0.0686981 -0.26457 -0.310887 -0.25761 -0.116771 0.23666 0.66063 0.21995 0.09954 0.0616379 0.282729 0.00331196 0.475898 0.0628328 0.0905231 -0.470183 -0.0422167 0.512434 0.25278 0.525304 -0.147962 -0.107831 -0.324274 0.0031561 -0.101498 -0.103419 0.570008 0.154144 -0.236339 0.00798244 -0.106219 -0.00054954 0.0287113 0.0194614 -0.532667 -0.331549 0.308877 0.148527 0.90256 0.0858349 0.182663 0.0274807 0.0399393 -0.115237 -0.0389918 -0.389359 -0.19291 0.0270241 0.0140709 -0.142828 -0.348543 -0.0227465 0.488933 0.119833 -0.183111 0.345885 0.289461 -0.124534 -0.0344836 -0.0267361 0.306467 -0.094213 -0.0158903 -0.155197 0.114791 0.0413349 0.292225 -0.101045 -0.394678 -0.203937 0.399078 0.0194081 0.209162 -0.226376 -0.838281 -1.06292 -0.20853 
-0.379364 0.018111 -0.0266647 -0.204381 0.219272 -0.185484 0.0601387 0.00257719 0.0326762 0.0778735 0.261364 0.151061 0.166822 0.0933706 0.172797 0.125784 0.429702 0.0528376 -0.0687923 0.227381 0.243503 0.251436 -0.354843 -0.0736363 0.347164 -0.107747 0.290635 0.244557 0.308479 0.247673 -0.0790126 0.0266394 -0.439999 -0.72772 -0.147894 -0.41859 0.346065 0.0192031 -0.155456 -0.169095 -0.319983 0.448181 -0.0326648 0.313417 -0.112378 -0.112613 0.209045 -0.142704 0.161309 -0.33254 0.0446307 -0.249629 0.226227 -0.383358 -0.0298018 -0.279418 0.101907 -0.214906 -0.146621 -0.40023 0.381755 0.0713944 0.19541 0.0760113 -0.178605 0.0373235 -0.32064 0.0901991 0.136969 0.174106 -0.0641239 -0.288322 -0.0725916 0.0454527 -0.451074 -0.306045 -0.169126 -0.313706 0.0151941 0.241915 
-0.364394 0.100671 0.177769 -0.316804 -0.264383 -0.226049 0.219468 0.194564 -0.364028 0.103303 0.225053 0.189732 -0.0997407 -0.0724124 0.0951567 0.0557759 0.127888 -0.162845 -0.188505 0.0325646 0.309517 0.142036 0.165752 0.116423 0.52983 -0.102611 -0.0537038 -0.0411771 -0.112888 0.0570548 0.0368051 0.292565 -0.156067 0.0948653 -0.349688 0.354492 -0.223381 0.0274038 0.1401 0.281518 -0.049831 -0.374172 0.079713 -0.0472787 -0.272776 0.106292 0.0754615 0.0335927 0.245682 -0.0840379 0.146143 -0.00548355 0.0808139 -0.0294224 -0.439906 0.134507 -0.123366 0.142381 -0.0753428 -0.0462671 -0.206271 0.00199636 -0.087405 0.177368 0.238515 0.364796 -0.379726 0.158045 -0.198012 -0.165116 -0.127129 0.075061 0.23164 -0.221928 -0.190183 -0.413278 -0.283027 0.190698 0.345239 -0.00716145 
-0.113284 -0.109163 -0.487863 -0.0129669 0.16397 -0.1116 0.186197 0.24245 -0.299544 -0.0397124 0.283325 0.113941 0.772725 -0.201408 0.0858653 -0.0166601 0.1355 0.140902 -0.289286 -0.537022 0.165565 -0.1091 -0.228547 0.358671 -0.321554 -0.258896 -0.113594 -0.0900303 -0.232518 0.193305 0.332165 -0.134962 -0.213288 -0.660994 0.16082 -0.157095 -0.287395 0.353265 -0.112723 0.0318725 -0.263287 0.301461 0.0604889 0.022191 -0.189147 0.115694 0.238042 -0.48838 0.450832 0.148149 -0.00223527 -0.112549 0.13105 -0.0156332 0.198188 0.0120777 -0.144707 -0.210135 0.0464369 0.00653784 -0.288906 0.276692 -0.117871 0.194633 0.0273156 -0.148746 0.0436722 0.0238192 0.306427 -0.000371637 -0.197462 -0.0241316 -0.143573 0.152418 -0.459688 -0.132184 -0.106692 0.18944 -0.0775745 -0.172863 
-0.0691468 0.0419467 -0.0364421 0.201897 -0.0459032 0.23929 0.18985 -0.285015 -0.0530061 -0.248858 0.153087 -0.0937239 0.439812 0.265395 0.0224888 -0.121628 0.0422416 0.0610285 0.298473 -0.166354 -0.158296 0.264227 -0.14478 0.0332042 0.063656 0.410758 0.119864 0.298675 -0.035755 -0.24889 -0.138766 -0.192849 -0.0300779 0.0417598 -0.280203 0.125122 0.279296 -0.0331321 0.439716 0.0533823 -0.0716846 0.134665 -0.0950476 0.00593867 0.0228402 0.280345 0.10616 -0.0647392 -0.186785 -0.0110144 0.0688492 0.056613 -0.0293766 -0.182074 -0.0143162 -0.00540309 0.119128 0.0619262 0.0697523 0.0408823 -0.12901 -0.513045 0.146836 -0.190565 0.487348 0.0326426 0.210253 -0.160121 0.278133 0.104985 0.154977 0.239032 0.211664 0.250959 -0.107921 0.372281 -0.0212009 -0.0520742 -0.119863 -0.205735 
0.0288538 0.0133433 -0.0497595 0.204273 -0.0955599 0.0113547 -0.196056 -0.0154385 -0.0753628 0.424399 0.0119849 -0.0470463 0.241752 -0.0214218 -0.130096 -0.0116662 0.196495 0.142253 -0.181642 0.0475413 0.320852 -0.194805 -0.0267697 0.187155 0.125421 0.287472 0.163906 0.183132 -0.0661158 0.276712 0.250768 -0.0162815 0.0167812 -0.0576344 0.00462287 0.037413 -0.129511 -0.218306 0.0250114 0.251258 -0.436286 0.0133693 0.0726769 0.00386587 -0.342333 0.284346 0.0199776 -0.0702183 0.333095 -0.387969 -0.461575 -0.194863 -0.174446 0.15615 0.129886 0.46157 0.402627 0.0436187 0.202025 -0.073563 0.140938 0.294108 -0.167318 0.130692 0.194702 0.150194 -0.0575561 -0.1888 -0.316001 0.332278 0.311631 0.0745071 0.141949 -0.271647 -0.215523 -0.160936 -0.00452033 0.0827664 -0.0204536 -0.000647908 
-0.0412093 0.00518744 0.245664 -0.242963 -0.186572 -0.512178 -0.136362 0.131012 -0.0474989 0.00905926 -0.193472 -0.0775589 -0.570916 -0.154548 0.191402 0.0677464 -0.00469948 -0.193917 0.00747631 0.0311347 -0.272941 -0.292182 0.163895 0.61098 -0.0269615 0.480588 -0.0445793 0.130668 0.106203 0.231345 -0.20143 0.130908 -0.0797559 0.15763 -0.295307 0.0632614 -0.299226 -0.0813424 -0.0547154 0.0889719 0.709354 -0.0281121 -0.227885 0.21678 -0.427429 0.0481232 0.0202603 0.227348 0.289214 0.269878 -0.0809761 0.0065213 -0.31553 -0.0468917 -0.0707963 0.137945 0.208284 -0.0447636 -0.1308 0.0891998 -0.154948 0.368907 0.102722 0.040058 -0.261719 0.196419 -0.017885 0.0901229 -0.365649 -0.0640106 -0.362845 0.0694801 -0.391622 -0.0137881 -0.322278 -0.21568 0.279837 0.0840801 -0.183796 -0.0802336 
0 0 0 0 0 0 0 0 0 0 0 0 0 0 0 0 0 0 0 0 0 0 0 0 0 0 0 0 0 0 0 0 0 0 0 0 0 0 0 0 0 0 0 0 0 0 0 0 0 0 0 0 0 0 0 0 0 0 0 0 0 0 0 0 0 0 0 0 0 0 0 0 0 0 0 0 0 0 0 0 
0.648956 0.294351 0.167198 0.125727 0.078526 0.491518 -0.140202 0.267217 0.581591 1.01478 -1.07153 -0.660873 -0.377153 -0.149659 0.295375 0.642198 -0.088151 1.38844 -0.619915 0.553509 -0.100849 0.57173 0.430799 -0.551579 -0.0844827 -0.29216 -0.597503 0.411089 -0.00284439 -0.112628 0.0207603 -0.0409508 -0.00268765 0.222429 -1.30987 -0.756558 -0.236399 -0.541176 -0.506946 0.691 -0.19659 -0.645584 1.14412 -0.21942 -0.0167327 -0.239176 -0.315862 0.710252 0.0862058 0.0589204 0.193667 0.581632 0.476946 0.444921 0.601213 -0.613013 -0.040161 0.453896 0.336417 0.500584 -0.207205 -0.395634 0.696966 0.858143 0.13429 0.179781 -0.411339 -0.0636903 -0.281902 0.0633922 0.269834 -0.043456 0.00730849 0.283529 0.0105381 -0.396149 0.13476 0.110915 0.418287 -0.0712203 
0.337207 -0.0596459 0.138938 -0.0282099 -0.482079 -0.380449 0.570167 0.447794 -0.1477 0.0300546 -0.847451 0.386461 -0.435583 0.858732 -0.173461 0.357954 -0.139999 -0.2514 0.486885 1.3315 -0.0919017 -0.37972 -0.262164 0.74405 -0.0511488 -0.963542 -0.528174 0.0245358 -0.205775 -0.251834 -0.219925 0.14778 0.186711 -0.62937 0.20255 -1.20381 -0.14496 0.469629 -0.0432639 0.458751 -0.596191 -0.00748327 -0.159755 0.682182 0.370819 -0.715339 -0.479586 -0.33798 0.407623 0.12774 -0.104925 -0.0494911 -0.278627 0.0905378 0.203934 -0.698471 0.404685 0.0145641 0.23646 0.455974 -0.461886 0.298397 0.890123 -0.0532262 -0.347119 -0.10523 -1.29092 0.402953 -0.187642 -0.912001 0.187421 0.0299426 0.0815284 -0.455983 0.419356 -0.133343 0.0547688 -0.0743181 -0.58249 -0.199756 
-0.360414 -0.44286 -0.0690902 -0.279593 -0.514942 0.720004 -0.786658 -0.166876 -0.122746 0.196529 0.430168 -0.15453 -0.415067 0.272404 -0.516194 -0.660396 -0.0844795 -0.295822 0.132453 0.107894 -0.248198 0.879066 -0.334139 0.316136 0.0858328 -0.473815 0.101934 0.255167 -0.110485 0.395761 0.0365423 -0.249982 -0.511471 0.0846978 -0.352321 -0.182663 -0.605037 0.3524 -0.0579605 0.608532 -0.1335 0.031209 0.331571 -0.920878 0.803554 -0.0279635 0.437928 -0.0601015 0.0461553 -0.418224 0.523017 -0.346396 0.202407 0.433094 0.215493 0.673917 -0.0913588 0.40802 -0.161488 0.216471 -0.242871 -0.464144 0.491953 0.276011 0.31076 -0.24254 -0.387606 -0.0410499 -0.303768 0.16969 0.163074 -0.537834 -0.198521 0.223792 -0.00946535 0.0772846 0.209432 -0.0507143 0.191352 0.26336 
0.631333 0.619066 -0.00289314 -0.359171 -0.340991 -0.386737 0.316954 0.370446 0.389288 0.438885 0.20673 -0.222711 0.171246 -0.860838 0.410152 0.641406 0.0699559 -0.288308 -0.254175 -0.0323932 0.622913 0.0949445 0.207971 -0.359422 0.569048 -0.752019 0.0955601 0.412017 -0.485156 0.140446 0.27368 -0.829347 -0.575556 0.0697748 0.69464 -0.412768 0.0169522 -0.640899 -0.708859 0.417801 0.24181 0.762569 0.46377 -0.429238 -1.13868 0.0952031 -0.0919288 0.0595734 -0.12795 0.0723796 0.351664 0.416456 0.801132 -0.50065 -0.546639 0.0847834 0.518359 -0.424733 0.407013 0.390819 0.454908 -0.432338 0.00102354 -0.0955327 0.188716 -0.00122767 -0.105626 0.535106 -0.164543 0.00461699 0.570407 -0.274148 -0.421777 -0.100919 -0.295152 -0.162853 0.164012 -0.186668 0.340799 0.0576178 
0 0 0 0 
