5
59 65 26 62 6 
2
74194
0.303358 -0.216231 -0.55906 0.201085 0.397824 -0.221434 -0.163287 0.492856 0.160443 -0.195977 -0.417777 -0.447525 0.0480821 -0.387709 0.26479 -0.0197423 -0.0352909 -0.54862 0.169602 0.46739 0.323116 -0.0277768 0.405083 -0.173717 0.00545497 0.192648 -0.0242904 0.176539 -0.389795 0.0231878 -0.294479 -0.291527 0.11869 -0.121329 -0.0259342 -0.151252 -0.299053 -0.116803 0.393353 0.36403 -0.174356 0.0727913 0.11852 -0.472299 0.171877 0.0067813 0.108021 -0.473 0.291962 -0.0203596 -0.282684 -0.350955 0.380686 -0.3977 -0.307216 -0.592634 -0.212379 -0.0505242 0.444904 
0.00568152 -0.249419 -0.0453371 -0.152533 -0.369265 -0.437258 0.26774 -0.208877 -0.144516 -0.109371 0.536229 0.00700559 -0.0970971 -0.0094956 -0.055928 0.414206 0.131823 -0.483722 -0.0848035 0.127788 0.20784 -0.00832584 0.098763 0.167403 0.353159 0.56934 -0.400496 0.180504 0.434996 -0.21809 0.0914032 0.1103 -0.169878 -0.217912 0.047506 -0.101719 -0.72667 -0.265242 -0.165837 -0.00312098 0.165975 -0.0608623 0.0665574 -0.246607 0.0814841 0.358029 -0.469992 0.0354141 -0.347875 -0.603667 -0.638437 0.238043 0.447124 -0.397495 -0.314257 -0.142215 -0.0809001 0.100175 0.616727 
-0.146382 0.091281 0.159489 -0.306408 -0.299555 0.81286 0.19968 -0.421798 -0.62342 0.0718675 0.0206187 0.141144 0.120989 0.205695 0.438102 0.132549 -0.131852 0.157056 -0.224252 0.0124304 -0.434084 0.303842 -0.132204 -0.0347273 -0.0447777 -0.0661526 0.0825439 0.255913 -0.232879 -0.209148 -0.203251 -0.438281 0.145587 0.147593 -0.172512 -0.219579 0.0359517 -0.123701 -0.00855076 0.109563 0.10113 -0.0246899 -0.194591 0.129502 0.114071 -0.478485 0.497612 0.334573 0.267082 0.340077 -0.0940274 -0.333364 0.312336 0.364687 -0.0300512 0.152673 -0.0972904 -0.0427456 -0.524083 
-0.303774 -0.274763 0.0303044 -0.0274905 0.00234312 -0.374918 0.116942 0.240935 -0.189317 -0.507475 -0.0692201 0.0852344 0.185486 0.258697 0.297727 0.442186 0.346882 -0.214509 0.156371 0.505251 -0.244034 -0.625625 0.109239 -0.155064 -0.495729 -0.681278 -0.475946 -0.127817 0.193855 -0.323478 0.0628817 0.369209 0.131803 -0.0898525 -0.0523075 -0.00429196 -0.219883 0.161977 -0.213846 0.165923 0.487186 -0.0910988 -0.242111 0.0586622 -0.159255 -0.231377 -0.132705 0.132103 0.255145 0.259422 -0.00787705 0.0379008 0.11824 0.122122 0.0476096 -0.401495 0.0634179 -0.00520263 0.0559507 
-0.487556 0.115428 -0.164362 0.0760347 -0.00175817 0.21779 -0.0857498 -0.377497 0.112356 -0.0449208 -0.0630185 -0.12152 0.125525 0.131038 0.0498483 -0.254409 -0.442348 0.410689 -0.135611 0.0890553 0.261987 -0.0133394 -0.0192314 -0.180208 -0.0972565 -0.071383 -0.190798 0.605732 0.632846 0.441327 -0.12422 -0.177556 0.60028 -0.238627 0.180084 0.0820863 0.148468 -0.561242 0.141897 0.193116 0.301604 -0.256783 -0.460042 0.233571 -0.405385 0.0770381 0.386687 -0.215726 0.416942 -0.25656 0.163573 0.328885 -0.0114984 -0.312255 0.168258 -0.131038 0.216994 0.519635 0.475658 
0.212304 0.328043 -0.176609 0.0878518 0.0611373 -0.320527 -0.0784712 0.284802 -0.289783 0.209496 -0.496823 -0.115681 -0.288307 -0.144736 0.235316 -0.0308771 -0.130413 -0.0216381 -0.790877 0.237947 -0.112024 0.244489 -0.157174 0.0959482 0.34908 0.500911 -0.381671 0.0865006 0.287557 0.346286 -0.468836 -0.0357043 -0.28746 -0.123173 0.107418 -0.525606 0.317046 0.285074 -0.000237829 -0.400204 0.000443363 -0.233634 0.0441253 -0.209197 -0.00933256 -0.17297 -0.244822 0.0220187 -0.249797 -0.473056 0.517513 0.180215 -0.0637684 0.246895 0.340977 0.180854 0.298023 0.134633 0.389146 
-0.0605395 0.0150585 0.181421 0.153743 -0.086032 0.279604 -0.0607643 0.137289 0.123687 -0.292861 0.0738934 -0.0315775 0.420642 0.138764 -0.463993 -0.176906 -0.132369 0.0775127 0.360673 0.315335 0.241945 0.0116307 0.247684 -0.0619813 0.427924 -0.0118143 0.243498 -0.318893 -0.0229213 -0.054284 0.214961 0.140137 -0.286182 0.464275 0.444792 -0.593244 0.290808 -0.0394144 0.138589 -0.0518675 0.010534 -0.0513537 0.103752 0.150123 0.131984 0.171115 0.393274 -0.298182 -0.350032 -0.0096591 0.123352 -0.0544935 0.00556678 -0.107296 0.00167558 0.157289 0.152878 -0.116972 -0.619377 
0.404731 0.217016 0.02554 0.0261683 -0.471642 -0.00312106 -0.30123 -0.0222624 -0.65298 -0.449568 0.0153095 0.112847 0.0165119 -0.0747211 -0.626139 0.17819 0.0235149 -0.168719 -0.138351 -0.498297 -0.0107385 0.0623444 0.265782 0.169185 0.158756 0.014856 -0.174262 0.204845 0.353045 -0.0866085 -0.217012 0.133871 0.114304 -0.0779316 0.223411 -0.253265 -0.0697984 0.290976 -0.370143 0.0510021 -0.701121 -0.413825 -0.526305 -0.0171168 -0.00349343 0.125687 0.0624111 -0.318639 -0.14845 0.103817 0.0681074 -0.274423 -0.286022 -0.19758 0.418209 0.623247 0.451197 0.332848 0.0365811 
-0.611135 0.0763326 -0.368513 -0.127515 0.272703 0.359484 -0.273328 0.0730157 -0.540948 -0.156071 0.197807 -0.237198 -0.0825134 0.268765 -0.254964 0.0241528 -0.301983 -0.0215356 -0.202021 -0.514479 -0.400138 0.286615 -0.0704841 0.0567112 0.0523161 -0.250072 0.0513595 0.540176 -0.169939 0.0894005 0.0901883 0.115761 0.0445942 0.0510763 0.00914795 -0.127103 0.238762 -0.20697 -0.487981 0.287726 0.111034 0.181242 0.187549 0.42436 -0.294985 -0.106797 0.508362 -0.50123 -0.230228 -0.665851 0.203675 -0.0182822 -0.0233917 -0.110367 0.160423 0.205061 0.651494 0.0417084 0.20551 
-0.522727 -0.355681 0.217896 0.110551 -0.219371 -0.349238 0.0254751 0.34052 0.123126 -0.235958 -0.436887 0.157833 0.0170546 -0.0245727 -0.191374 -0.445355 0.22089 -0.124753 -0.17328 -0.0149838 0.0716707 0.0629905 -0.306688 -0.328803 0.0889853 -0.11971 -0.0489343 0.0854417 -0.254775 0.173552 -0.0123821 0.646206 -0.21526 0.180222 0.0119416 -0.093627 -0.281077 0.0208432 -0.173738 0.132358 0.201923 0.250127 0.508581 0.0492155 0.0892249 -0.00707225 -0.00348457 0.00909396 -0.146888 0.00170722 0.0983602 -0.055757 -0.327248 0.568632 0.153063 -0.216288 0.393796 0.00788238 0.125196 
0.48015 0.126441 0.284136 -0.345884 -0.0822987 0.244771 0.384038 0.401666 -0.367962 -0.669068 -0.00765053 0.00804501 -0.0469841 0.285819 -0.042732 0.0273933 -0.273989 0.260017 0.0585468 0.299781 0.00724093 0.86409 0.105232 0.30773 0.309063 0.212564 -0.113324 0.33339 0.261501 -0.178791 -0.384801 -0.198206 0.545264 0.0306827 0.168265 -0.40785 0.301251 0.0677353 0.311403 0.0711755 -0.0316506 -0.78341 -0.242853 0.263525 -0.335738 -0.125912 0.0465387 0.25687 0.23752 -0.439537 0.247668 -0.0878728 0.0138544 0.684184 0.0355468 0.148537 0.231794 -0.201735 0.064211 
0.0287142 -0.87645 -0.13864 0.301342 0.10755 0.0852479 0.133848 0.108714 -0.151587 0.0664527 -0.229999 -0.29126 0.0181362 0.309625 0.343211 -0.187359 -0.167356 -0.103986 -0.169924 -0.408343 0.119738 0.639359 -0.184139 -0.275788 0.115632 0.714959 -0.165906 -0.283658 0.164687 -0.400612 -0.325823 0.122525 -0.0332039 0.217958 0.160594 -0.178615 0.703493 -0.391188 -0.0295973 -0.184425 -0.0422925 0.496329 0.167643 0.395936 -0.622073 0.242578 -0.0340263 -0.0828695 0.558427 0.106982 0.195129 -0.210538 -0.228409 0.318433 -0.433687 0.114984 -0.0822746 0.048324 -0.171594 
-0.393855 0.0413221 -0.150526 -0.405484 -0.138904 0.0760117 0.43091 0.373439 0.938084 -0.180435 -0.545315 -0.106341 -0.413721 0.0956984 0.103664 -0.0731038 0.416623 0.203435 0.0971633 -0.0251381 0.213817 -0.721393 -0.0599732 0.261612 0.331476 -0.0372236 0.353454 -0.0660818 -0.144566 -0.0828398 0.0354597 0.0469488 0.0939405 0.0426447 0.14064 -0.622249 0.314512 -0.456717 -0.443058 0.209455 -0.343676 -0.133526 -0.208257 0.408597 -0.0637124 -0.297538 0.481827 -0.340476 0.377233 0.0685695 0.396234 0.0512154 0.323777 -0.0159454 -0.555018 -0.158788 -0.250742 0.18228 -0.0020513 
0.559375 0.233586 -0.0416489 0.1759 0.686039 0.397904 -0.0296883 0.201038 -0.0607658 0.873052 0.246091 0.150268 -0.000554637 0.032731 0.00661802 -0.051995 -0.0542664 0.0732717 -0.0384874 -0.130345 0.463297 0.0761652 0.149546 0.0623481 0.031039 0.0142146 0.0940614 0.119337 0.33562 0.328632 0.0391108 0.0986634 -0.221969 -0.0329217 -0.0661163 0.11918 0.593129 -0.253097 -0.132905 0.166353 0.163462 0.0406422 0.0312576 0.421466 -0.0879955 -0.800113 -0.0242756 0.414401 -0.145532 0.0256099 0.130839 0.318887 -0.0302645 -0.150209 -0.370645 0.460556 -0.113688 0.0916021 0.396099 
-0.0504728 -0.168651 0.119114 -0.001601 -0.105503 0.164678 0.000990507 -0.316143 0.0802199 0.328896 -0.0788782 0.274643 0.13214 0.28883 -0.314992 0.168875 0.0778833 -0.0958126 -0.100397 -0.251159 -0.157513 -0.0238937 0.154362 0.0867445 0.537628 0.42941 0.106763 0.428908 -0.0576801 -0.118483 0.024294 0.304851 0.0188497 -0.0463561 0.159048 0.138504 0.0511097 0.391452 -0.187519 -0.107407 0.656735 0.319701 0.322393 0.32763 -0.47371 0.580475 -0.337759 -0.140028 0.207166 -0.218815 0.0714807 -0.113329 0.343035 0.0446242 -0.0196936 0.513985 0.112198 0.0725011 -0.177723 
0.0133163 -0.234732 -0.266678 -0.17861 0.207233 -0.180686 -0.0262796 0.0653644 -0.188741 -0.493703 0.0183981 -0.0262396 -0.144209 -0.403238 -0.0308077 0.061531 -0.0221581 -0.0775388 0.0241358 -0.10917 -0.0540481 0.254636 -0.160692 -0.169995 0.189899 -0.361387 -0.455611 0.0941263 -0.289804 -0.243701 -0.340265 -0.0745188 -0.456367 -0.00876148 -0.120748 0.0716937 -0.459381 0.059892 0.371357 -0.240524 0.387454 0.139151 -0.376707 -0.00233442 0.122295 0.242897 -0.199431 0.35904 -0.438536 -0.137037 -0.134113 0.0165762 0.184588 -0.472467 -0.0698324 -0.265064 0.0181534 -0.303486 -0.270801 
-0.253776 -0.0826144 -0.0524551 -0.355343 0.0190434 -0.529064 0.13076 0.0242977 -0.220475 0.463752 0.455221 -0.00648525 0.158609 -0.249337 0.430299 0.511708 -0.147792 -0.193488 0.0234616 -0.0120728 0.35766 -0.3214 -0.197679 -0.00756343 0.0428735 0.266556 0.582687 -0.185296 -0.222218 -0.201524 -0.251197 0.0130016 0.13315 0.309046 -0.518812 -0.258944 0.147585 0.191237 0.0524519 0.389687 -0.0886902 -0.517922 -0.0222954 -0.280273 0.0446099 -0.426484 -0.536584 -0.330949 0.18478 -0.230561 0.067617 -0.0720491 -0.201448 -0.0339143 -0.206169 -0.109115 -0.0401107 0.356774 -0.029017 
-0.188128 0.0620118 0.222892 0.5043 0.142204 -0.0472504 0.011969 -0.0745587 -0.191064 -0.570987 -0.173032 0.155165 0.302697 -0.353365 -0.340491 -0.55133 0.133509 0.143197 0.796559 -0.027613 0.2115 -0.532026 0.199715 -0.237314 0.118862 0.126721 0.340521 0.526063 0.298955 0.285988 0.624755 0.0809806 0.167159 0.131026 0.0264968 0.344274 -0.00878625 -0.0463955 -0.500022 -0.334864 0.132099 0.0400117 -0.571513 0.297688 0.0247853 -0.403118 -0.11937 0.037502 -0.0532015 0.312842 0.0956901 0.175093 0.0833599 0.510429 0.478131 0.0585242 -0.117777 0.0210651 -0.698049 
0.0805875 0.23985 0.0658161 0.347348 -0.0449379 0.199446 0.266304 0.33967 -0.272244 0.0962139 -0.273549 -0.307195 0.425629 -0.0879052 0.189271 -0.268955 0.645698 0.713809 -0.072353 -0.0790669 0.10425 -0.441471 0.0423087 0.680955 -0.00639311 0.0622911 0.246115 -0.456425 0.484182 -0.0606461 0.252536 -0.0509777 0.0751889 0.27291 -0.240613 0.440236 -0.2768 -0.0394639 -0.053033 0.20275 0.100608 -0.33074 0.602612 0.550299 0.146673 -0.496521 -0.336686 0.26252 -0.329202 0.0767157 -0.0807562 0.338159 0.162609 0.0817744 0.187729 -0.34265 0.12951 0.142395 0.344111 
-0.275823 -0.154132 0.00249479 0.185547 0.341597 -0.0756857 -0.405946 -0.493334 0.0492451 0.102141 -0.0689545 -0.0345805 0.023579 0.23809 -0.070007 -0.262848 0.113555 -0.036288 -0.0365595 -0.22351 -0.0693642 -0.286868 0.000530754 -0.0762593 -0.0888676 -0.150923 -0.000237159 0.195351 0.290944 -0.348994 -0.512798 -0.357181 0.144577 -0.460269 -0.180018 0.312164 0.417319 0.423322 -0.185632 0.419298 -0.191268 -0.255577 0.222443 -0.0960201 -0.394706 -0.169417 0.00598993 -0.0962415 0.0540988 0.114949 -0.104552 0.628107 -0.0870352 -0.466562 -0.270537 0.0136969 0.217141 -0.176703 -0.0298577 
0.313879 -0.324611 -0.0250159 -0.52646 0.0343204 0.0775008 0.0456064 -0.205032 0.120449 -0.298957 -0.469673 0.280134 -0.046249 0.255661 -0.153555 -0.395131 0.147516 -0.263822 -0.329423 -0.0530855 -0.22606 -0.10843 0.243359 0.100192 -0.0357406 -0.0702539 0.135321 -0.267731 0.346472 0.103739 -0.601341 -0.0175076 0.0356875 0.16203 0.057379 0.442822 0.534952 -0.308834 -0.0811233 0.350552 -0.503481 0.281406 -0.315849 -0.186834 0.135932 -0.545971 -0.0702431 -0.0716654 0.222244 -0.421857 -0.237996 -0.15254 -0.340248 -0.243225 0.712192 0.525254 0.0539271 0.327344 -0.0955398 
-0.0377237 0.115362 0.204151 -0.394956 0.22472 -0.266782 -0.302588 0.376433 -0.0485355 -0.235131 -0.250838 -0.162289 0.853013 -0.194377 -0.631652 -0.317145 0.127393 -0.69368 -0.240737 -0.033526 -0.190882 -0.304143 0.0686023 -0.389938 -0.00429436 -0.373964 -0.296964 -0.0752519 0.189485 -0.658357 0.0982889 -0.0989426 -0.0910348 0.120446 -0.397845 -0.00157335 -0.180342 0.528166 -0.521865 -0.272395 0.523663 0.255704 0.216127 -0.224176 0.100693 -0.121478 -0.194162 0.256329 -0.108716 -0.290577 0.0697692 -0.281719 0.0313873 0.448161 -0.041363 -0.118995 0.390143 0.551005 -0.419955 
-0.0131832 0.0476702 -0.251357 -0.0166655 0.399462 -0.0303707 -0.0575121 0.276404 -0.823662 -0.254432 -0.528824 0.325767 -0.461851 -0.233397 -0.239593 -0.325708 0.02055 -0.217181 -0.318291 0.237596 0.0690122 -0.184334 -0.0805525 0.0299755 0.044323 -0.328954 -0.240592 -0.110671 0.227291 -0.25688 -0.109989 -0.21653 0.033784 0.338523 -0.0168354 -0.21327 -0.0685487 0.0681408 -0.0298615 0.130343 0.112869 -0.18916 0.283049 0.0642561 -0.147241 0.0426162 -0.077292 -0.0805806 -0.109192 -0.347327 -0.0560085 -0.173268 0.113726 -0.266477 -0.0128214 0.20727 0.122105 0.441972 -0.124623 
0.192828 -0.506963 -0.260435 0.0569837 0.243012 -0.525612 -0.849159 0.206038 -0.0528521 -0.355834 0.16412 0.141591 -0.130855 -0.01564 0.524163 0.360429 0.0825698 0.426893 -0.002393 -0.326927 -0.380945 0.12893 0.043187 -0.118786 0.34149 -0.466585 0.587626 -0.299622 0.440283 -0.234835 0.0925682 0.318217 -0.365178 -0.0956459 -0.257847 -0.127542 -0.230154 -0.0194932 -0.260894 -0.187612 0.238837 0.109294 0.163346 0.846631 0.554155 -0.00757685 -0.24603 0.113307 -0.0440753 -0.246188 -0.289957 -0.314252 -0.263856 0.0472475 0.0247311 -0.189687 0.02038 -0.230507 -0.0985171 
-0.238714 -0.180061 0.286157 -0.0324173 0.295372 0.0507702 0.0324366 -0.212903 -0.367738 -0.253892 -0.341948 0.240747 -0.341469 -0.308075 -0.330385 -0.410019 0.0833895 -0.0615164 -0.0664949 -0.192059 -0.0312328 0.458393 -0.0411203 0.0702287 0.00686161 -0.375385 0.281903 -0.0954386 -0.148267 0.0770724 0.169305 -0.411659 0.110602 0.126691 -0.00724441 -0.00639539 -0.184729 -0.285365 0.296674 0.0701265 -0.178092 0.0608343 -0.330918 0.460594 0.223946 -0.111328 -0.438097 -0.105965 -0.0256521 0.284316 0.227678 -0.173613 0.360234 0.185534 0.168219 -0.24889 -0.211142 0.0463133 0.110309 
-0.478826 -0.00215294 0.177706 0.221718 -0.0342383 0.129862 -0.13088 -0.157795 -0.202038 -0.392648 -0.609237 0.0743327 0.326329 0.204891 0.134205 0.0196339 -0.498869 -0.676243 -0.501272 -0.201192 0.134852 -0.410254 0.090644 -0.118471 0.304521 -0.420845 0.452919 0.553629 0.390518 0.480523 -0.173376 0.645063 -0.422969 -0.154862 0.336522 -0.210938 0.344559 -0.138498 -0.173452 0.310991 0.132637 0.0430822 0.0489188 0.0395186 0.134933 0.211981 0.0604367 -0.0463717 0.0448668 0.156267 0.195838 0.183047 0.12509 0.0707895 0.216736 0.149735 0.256288 -0.246682 -0.117018 
-0.363807 -0.128918 0.213596 0.351284 0.168963 -0.0977308 -0.26204 -0.537964 -0.135822 -0.0326869 0.174539 0.32692 -0.135167 0.0150526 0.543185 -0.37071 -0.341079 0.0452121 -0.485466 -0.116501 0.27606 -0.151509 -0.55246 0.112556 -0.457836 0.0907052 -0.0522244 -0.331932 -0.0136679 0.505701 -0.518844 0.151443 0.0465184 -0.155382 0.114608 0.0976826 -0.034463 0.0522593 0.374049 -0.396262 0.227857 -0.123121 -0.132053 -0.204221 -0.129663 0.326251 -0.339377 0.269578 -0.156813 -0.351772 -0.253085 0.181267 -0.115008 -0.293396 0.0295034 -0.0130623 0.268569 0.151244 -0.49548 
0.378066 -0.0274506 0.0254247 -0.687527 -0.377193 0.0182176 0.669758 -0.0653867 0.439191 -0.240412 -0.0692411 0.112446 0.150271 -0.0698539 0.132347 -0.0182205 0.14624 -0.10477 -0.198684 -0.0775837 0.298157 0.150053 0.123265 -0.255786 -0.380307 0.0121427 -0.201915 -0.769483 -0.207461 0.118495 0.177351 -0.295243 0.260197 0.1532 0.217227 0.122641 -0.290799 -0.0543169 -0.207633 -0.195461 -0.344383 0.256104 0.316248 -0.47585 -0.11553 -0.0412049 -0.0428596 -0.0854283 -0.0210841 0.222191 0.0229002 -0.0561082 0.133003 -0.422568 -0.375472 0.0427728 0.39679 0.58686 -0.150284 
-0.0193798 0.527619 0.518518 0.210122 -0.186198 -0.349194 0.264255 0.238429 -0.297604 0.0530017 0.285617 -0.273098 0.123612 0.171298 -0.123046 -0.210937 0.204468 0.191002 0.0630291 0.0890264 0.00619147 -0.162119 0.307405 -0.0656454 0.18039 -0.174192 0.0425809 -0.194311 -0.0892177 -0.278598 -0.0980217 -0.239826 -0.18369 -0.135566 0.0365182 0.18413 0.240043 0.0292854 -0.614632 -0.0703496 0.192675 0.0659957 -0.17095 0.0921914 0.0545167 0.202193 -0.181222 0.322954 -0.173528 0.179129 -0.218233 -0.0224137 -0.177795 -0.0299327 -0.505464 -0.443811 -0.151412 0.691417 -0.182276 
0.125293 0.3571 0.0153291 0.319465 -0.0617726 0.423482 -0.204424 0.370199 -0.323318 -0.463633 0.0757579 0.0721686 0.0389371 -0.190537 -0.163867 -0.221478 -0.373568 0.320473 0.259219 -0.279112 -0.341143 -0.0784263 0.144991 0.112075 -0.194908 0.385726 -0.355551 -0.367889 0.344208 0.20862 0.106492 -0.5883 -0.0296522 -0.366335 -0.274151 -0.107358 0.0885144 -0.299206 -0.162199 0.909184 -0.0665115 -0.1741 -0.302864 0.0346611 0.492671 -0.104256 0.0852312 0.18703 -0.407498 -0.127056 0.0412804 0.183756 -0.0443538 -0.035284 -0.0286925 -0.0249473 0.000335039 -0.0971557 0.519587 
0.0777112 -0.204231 -0.188521 -0.249755 0.560174 -0.00814668 -0.138882 -0.290411 -0.324368 -0.119269 -0.0534867 -0.263806 -0.293497 -0.350921 0.202265 0.337896 -0.310599 -0.0275895 0.664636 0.252327 0.116639 0.129939 -0.231421 -0.243913 -0.468216 0.0222913 -0.154449 -0.197141 0.392319 0.070976 -0.0393327 0.146531 -0.138212 -0.0611983 -0.250239 -0.0985221 0.542221 0.316293 -0.14303 -0.182081 0.209415 0.52677 -0.244014 0.0623049 0.188348 -0.258414 -0.538297 -0.0906653 -0.0610185 -0.323713 0.378987 0.0216229 -0.163582 -0.272652 -0.464826 -0.340738 -0.0543271 -0.52413 0.238651 
-0.278313 -0.30337 0.289072 0.306999 0.129014 -0.0044152 -0.218887 0.240851 0.114186 -0.367657 0.327197 -0.0621246 0.34431 0.123543 -0.0743792 0.151558 0.358029 -0.20045 0.360082 -0.377502 0.0128242 0.112323 -0.378662 0.364107 0.22181 0.249396 -0.123664 -0.147205 -0.085184 -0.0377401 0.151678 0.291498 0.315753 -0.0926623 0.188263 -0.558274 0.450274 -0.145812 0.272989 0.0511421 -0.258305 -0.442743 0.126504 -0.0852688 0.0397125 0.0023944 -0.132533 -0.411122 0.0628012 -0.105304 -0.47154 0.0497154 -0.453215 0.426156 0.0274038 0.342 -0.283664 0.012572 -0.173972 
0.669161 0.0698662 -0.0524232 0.142511 -0.259968 0.15069 0.267272 -0.234639 -0.0630867 -0.0250072 0.0235618 -0.0303088 -0.320328 0.0555115 -0.0598976 0.188779 -0.338109 -0.297169 -0.151391 0.23628 -0.0315151 -0.0699429 -0.196104 0.42933 0.0316725 0.225408 0.669851 0.258227 0.319761 -0.0149604 0.0175308 -0.359693 -0.367058 -0.215255 0.0280933 -0.277985 0.390389 -0.0515271 0.377516 -0.326431 -0.264866 0.534291 -0.467997 -0.0988481 0.23991 0.295178 -0.0412667 0.345711 0.03129 -0.286359 0.0852014 0.361946 -0.0925104 0.381174 -0.0578499 -0.436329 -0.16965 0.0271268 -0.20551 
0.189268 -0.127577 -0.310139 0.113264 -0.0918296 0.0149629 0.35245 0.054428 -0.185383 0.325249 0.639348 0.297522 0.0383427 0.154058 -0.198746 0.288384 -9.94473e-05 -0.10593 0.427938 -0.0611358 -0.328534 -0.152412 0.250922 -0.339253 -0.223996 0.00823346 0.323871 0.0203703 0.0186892 0.233736 0.491537 -0.0904851 0.373471 0.142613 -0.243837 -0.659538 -0.0551371 0.00783712 -0.350622 -0.0610625 0.0933392 -0.170737 0.143577 0.0536591 0.306961 -0.228371 -0.271455 0.0470714 -0.407402 0.0222124 0.0271991 -0.364531 0.0810752 -0.24268 0.555035 -0.0457487 0.0686391 -0.173714 -0.124392 
-0.300562 -0.0818397 -0.0576366 -0.225937 0.142119 -0.318173 -0.328108 -0.539665 0.5881 -0.226443 0.0958519 0.0640917 0.22028 -0.0531705 -0.366008 0.478041 -0.15711 0.646281 -0.0629125 0.183939 -0.0685967 0.0651173 0.0178706 -0.0558941 0.166793 0.386296 0.774388 0.414109 -0.398565 0.312069 0.210895 0.220088 -0.699423 0.192369 0.287536 -0.340592 -0.20044 -0.0354781 0.123205 0.259391 -0.153844 -0.0119309 0.164696 -0.166024 0.0145745 0.404741 -0.245336 -0.102337 0.461126 -0.124604 0.228783 0.0967057 0.182159 0.0626642 0.345211 0.0196074 -0.102025 0.0130895 -0.144295 
-0.523584 0.292997 -0.571534 0.229882 -0.263991 -0.17698 -0.0771795 0.165789 0.0784171 -0.21569 0.16163 0.407681 0.184685 -0.151196 0.247447 0.13637 -0.433215 0.129075 0.0950299 0.00494901 0.0496158 0.0987857 -0.0172043 0.132466 -0.0686648 -0.185495 -0.165784 0.142824 -0.281786 -0.624019 0.0783049 0.158467 -0.113107 -0.222927 0.183768 -0.290111 -0.00961497 -0.11155 -0.282698 -0.340917 -0.296448 -0.0920244 0.0591467 0.0440229 0.0470405 -0.360126 0.23025 -0.188853 -0.417565 0.107229 -0.0617098 -0.00767771 -0.124019 -0.562866 0.0980056 -0.155826 0.389945 0.573394 0.220624 
0.0863014 -0.543462 0.350616 0.00744949 -0.14213 -0.106789 -0.179242 0.450455 -0.0144155 0.362491 0.111845 0.0133376 0.435299 -0.461784 0.0170135 0.146084 0.397577 -0.0606195 0.0648077 -0.208224 -0.0474254 -0.311067 0.0185898 -0.153627 0.105873 -0.149477 -0.0879371 -0.2592 -0.0965159 -0.136132 -0.00975871 0.00457482 0.143493 -0.0914702 0.026627 -0.433662 0.0650217 -0.0870164 -0.267113 0.482081 0.2684 -0.165659 0.0351025 -0.515367 0.151028 -0.203584 0.113823 -0.231234 -0.14984 -0.201839 0.168157 0.536331 -0.0112696 0.390005 0.135463 -0.105548 0.129032 -0.151338 -0.168973 
-0.103272 0.410735 -0.0344857 -0.0128106 -0.210467 0.0623905 0.120155 -0.322906 -0.456682 -0.420241 0.123757 0.00780685 -0.0749404 -0.157366 -0.355673 -0.214041 0.0514444 0.0598736 0.183159 -0.206696 0.412852 -0.447547 0.268748 -0.0593135 -0.222836 -0.53802 0.196296 0.175688 0.180486 -0.274811 0.500023 -0.0119293 0.139878 -0.167995 -0.0877043 0.420242 -0.4104 0.266642 0.000271215 -0.300261 -0.309167 0.0850458 0.0978032 0.00653456 0.0229462 -0.049649 0.237641 -0.184272 0.43299 0.00558707 -0.416276 -0.173597 0.168317 0.190804 0.19448 0.275323 0.186122 -0.178742 0.219604 
0.0963748 0.117591 -0.15144 -0.240216 -0.0438199 -0.10122 0.463427 0.178518 0.582503 0.367374 0.0560023 0.409798 0.493569 0.0710209 -0.0642581 0.732948 -0.447452 -0.446985 0.463496 0.402318 -0.00290948 -0.167221 -0.0242572 -0.0457514 -0.0696741 0.204487 -0.136916 0.327723 -0.0540014 -0.353178 -0.354206 -0.369605 0.272403 0.0562195 -0.178086 -0.0316832 0.034245 -0.180982 0.335381 -0.171607 -0.579059 0.104629 -0.232037 0.345842 0.0916277 -0.189029 -0.00320222 -0.173752 0.461228 -0.0755223 0.083976 0.334253 0.182081 -0.353923 0.259367 0.0929173 -0.159578 -0.189273 -0.239006 
-0.0959955 0.0548974 0.0922072 -0.166283 0.427461 0.0512844 0.0581479 0.0882735 -0.0374859 -0.501144 0.127323 0.486491 -0.102435 -0.672282 0.426293 -0.00359721 -0.232555 -0.603874 -0.13805 -0.905772 -0.198206 -0.173764 -0.0597724 -0.0879396 0.284304 -0.14665 -0.24004 -0.100904 -0.133025 -0.0419505 -0.282205 0.443596 -0.230649 -0.172862 0.0037329 0.331743 0.288761 -0.0883763 0.356751 -0.0985163 0.0470948 0.0679134 -0.106717 0.0947731 0.250302 -0.380052 -0.331396 -0.544527 -0.29105 0.046259 0.115862 0.291701 0.0805318 0.0385123 0.284838 0.40686 -0.0807921 -0.124611 0.184583 
-0.43021 -0.212052 -0.370708 0.156641 0.466183 -0.363424 0.0261176 -0.2619 -0.406961 -0.119916 0.715542 -0.253031 -0.105216 0.316305 0.297633 0.0127162 0.713542 -0.0820774 -0.0220108 0.260104 0.0512756 0.468291 -0.393871 0.100081 -0.544444 0.0898797 -0.217427 -0.29316 0.132721 -0.083651 0.366683 -0.120336 0.225509 -0.0453687 -0.0626166 0.40076 -0.0247056 0.0894318 -0.374451 -0.556804 0.185826 -0.118854 0.430463 0.0206486 -0.0231717 0.589831 0.776798 0.348178 -0.139021 0.282437 -0.387798 0.0864683 0.293012 -0.21202 -0.321479 -0.0917484 -0.0850042 0.178769 -0.492676 
0.0461982 0.107622 -0.130542 0.68755 0.112544 0.126507 -0.266184 0.308295 -0.507922 0.100787 -0.579855 -0.137363 -0.323012 0.15004 -0.361744 0.0631765 -0.296744 0.0509459 -0.0264329 -0.263425 -0.316923 0.128133 -0.314911 -0.0882904 0.00228739 -0.293597 -0.436402 0.189981 0.364441 0.0390458 0.210937 -0.130772 -0.159155 -0.0236846 0.247667 0.148002 -0.35168 0.245241 -0.444009 -0.12976 -0.352836 -0.31585 -0.391333 -0.258459 0.360608 -0.216378 0.250596 0.550083 -0.0480565 0.219941 0.154703 0.0118334 -0.216085 0.284295 0.664694 -0.0485044 0.172098 0.0231092 0.288607 
0.175044 -0.220693 0.194706 -0.34753 0.138245 0.0174317 -0.0962325 0.255635 0.0455553 0.0638276 0.0161394 -0.171406 -0.169668 0.210673 0.0125617 -0.582033 0.0856931 0.214406 0.0296985 -0.0135927 0.470004 0.590641 0.144316 0.472382 -0.195954 0.375542 -0.0328882 0.0369596 0.176102 -0.353 0.0113554 -0.599013 0.372056 -0.0998237 -0.054667 0.437568 0.400515 -0.204861 0.0184775 0.246576 -0.0497613 -0.330376 0.589408 0.0343066 -0.142499 0.536608 -0.37045 -0.178535 0.131044 0.116503 0.0442497 0.159169 0.37937 -0.307955 -0.12151 0.0237576 -0.00607267 -0.500222 -0.184557 
-0.203922 -0.180197 -0.319819 0.429795 -0.0930893 0.0108315 -0.369444 0.336747 0.243511 -0.16406 -0.0481566 0.0559231 0.186449 0.637034 0.0722747 0.0249214 0.142731 -0.453573 -0.431765 -0.360593 0.701372 -0.426946 0.424379 0.134573 -0.11229 0.0300595 0.616039 0.31453 -0.1449 0.121327 -0.331566 0.258854 0.191283 0.0321669 0.825321 -0.0823708 0.131668 0.00287487 0.39992 -0.22901 -0.13994 0.452361 -0.142496 0.304786 -0.121251 0.0695845 -0.245354 0.109801 -0.067648 -0.224605 0.23412 0.190455 -0.199384 0.0284733 -0.119796 -0.197304 0.00973313 0.0362016 -0.199682 
0.0341265 -0.246469 0.0974959 -0.382369 -0.0476265 0.300777 0.070153 -0.0958428 0.0531232 0.40326 -0.0835263 -0.315178 0.191623 -0.173415 -0.0932871 -0.00268875 0.0431558 -0.962786 -0.283219 -0.33396 -0.163502 0.323138 -0.351568 0.584415 -0.232032 0.0715282 -0.49514 -0.325613 -0.358161 0.826802 -0.00746545 -0.103489 0.0625998 0.684645 -0.196525 -0.0591877 0.130462 -0.22842 -0.429821 0.239257 -0.00639031 0.0343777 -0.010919 0.0743396 0.380801 0.234048 -0.383713 -0.0212015 -0.0302004 0.252527 -0.203528 -0.115384 0.287644 -0.396831 0.238628 -0.0600637 0.515512 0.332137 -0.227604 
0.107073 0.482942 0.173392 0.0797928 -0.0959823 0.265512 0.0449947 -0.460129 -0.218518 0.518531 0.205663 -0.184942 -0.0867125 0.0228909 0.128535 0.279006 0.118962 -0.0292281 -0.293988 -0.2562 0.330624 0.60764 0.354841 0.635269 -0.0297341 -0.230641 0.13871 -0.0444322 0.850963 -0.157566 -0.245699 -0.229825 -0.141304 -0.0888568 0.0324209 -0.402798 0.184769 0.672953 -0.309054 -0.331911 -0.0784241 0.345008 -0.0616266 -0.0459196 0.0142024 -0.123399 0.420282 -0.328683 -0.028599 -0.0828138 -0.407898 0.753645 -0.129635 0.0574209 0.508028 -0.151207 0.199089 -0.158525 -0.608622 
0.479939 -0.222054 0.847889 -0.0895687 0.143015 -0.0488395 0.380703 0.190967 -0.0144053 0.57541 0.00728607 -0.080069 -0.388954 0.252086 0.0548156 0.490351 0.603284 0.0475255 -0.0531653 -0.0920155 0.0534139 0.508615 -0.0438017 0.452934 -0.381694 -0.354782 0.283163 0.218312 -0.0549798 0.281406 -0.538159 0.13654 0.232483 -0.17276 0.236869 0.0455744 0.0801967 -0.544997 -0.129945 -0.0820744 -0.332836 -0.335745 -0.0333368 0.330592 0.0435566 0.11094 -0.153276 -0.00598381 -0.279477 0.277138 -0.465372 -0.454166 -0.526765 0.0873868 -0.471517 -0.577804 -0.101193 0.50632 0.226086 
0.21089 -0.226636 -0.279942 0.349788 0.193309 -0.047279 -0.171685 0.28759 0.0583777 0.269385 -0.468811 0.195865 -0.127429 -0.220262 0.453305 0.186327 0.227898 0.407933 0.199072 0.383981 0.212583 0.0450733 0.164802 0.0689079 0.0562041 0.028898 -0.00979112 0.208728 0.449432 0.178376 -0.435231 -0.0244639 -0.524237 0.233498 -0.0105168 -0.0766704 0.00495969 0.210577 -0.0222438 -0.174521 -0.335664 -0.12528 0.115029 -0.343331 -0.407763 0.373416 -0.164063 -0.0519478 -0.00438542 -0.0399641 -0.0736939 -0.516084 0.415636 -0.153176 -0.00199102 -0.23062 -0.0224518 -0.276267 -0.343345 
0.145463 0.441186 0.0205703 -0.0752223 0.212534 -0.192254 0.220864 0.106359 -0.0500333 0.274872 0.264773 0.269145 -0.0448088 -0.0646267 0.0873711 -0.110074 0.275247 -0.252248 0.0061233 -0.0548776 -0.101058 -0.337772 -0.545658 0.0163931 -0.086079 0.108495 0.574655 0.294021 0.387944 -0.330091 0.179219 0.0385176 0.335566 0.11006 0.0369536 -0.274793 0.00624987 0.282277 0.0997644 0.132123 0.105948 0.307649 -0.0451571 -0.118144 0.147177 0.341894 0.210493 -0.2499 0.213249 -0.401543 0.190334 -0.150224 -0.00252805 -0.493747 0.353794 0.438869 -0.228437 -0.242186 -0.273462 
0.317485 -0.0673218 0.157187 0.0597321 -0.216239 -0.174237 0.281 -0.120098 0.201047 -0.499603 -0.0552514 0.287155 -0.0381086 -0.386157 0.108341 -0.376519 -0.213275 0.099381 0.191031 0.111557 0.0928567 -0.113471 0.33067 -0.23636 -0.0653705 -0.367553 -0.0703646 0.298917 -2.97515e-05 0.019154 0.373381 0.258151 -0.146832 -0.0223351 0.203013 0.122752 0.210147 -0.49114 0.256954 0.151404 -0.24251 -0.0730169 0.0544333 -0.211925 0.214557 0.0588744 0.110704 0.204236 -0.258757 -0.0901236 0.264065 -0.0127988 0.0603593 -0.0619337 0.370177 -0.0771558 0.325329 0.290696 -0.205448 
0.255756 -0.3622 -0.140209 -0.113785 0.380291 -0.0876117 -0.370401 -0.432458 -0.143166 -0.142829 -0.0267229 0.311804 0.369412 0.027632 -0.0794053 0.466763 -0.213539 0.325367 -0.127176 0.0605021 -0.227568 0.136823 0.504538 -0.537264 0.45615 0.119666 -0.175892 -0.346291 0.259373 -0.418287 -0.0326988 0.30183 0.0902513 0.203061 -0.121994 0.333352 0.0269388 -0.153821 0.0925014 -0.0789472 -0.231469 0.480254 -0.0237129 -0.0389135 0.080512 -0.364631 -0.188825 -0.251156 -0.49886 0.250387 0.164761 0.0704026 -0.392259 0.630346 0.0199049 -0.403961 0.134427 -0.416373 -0.418041 
0.646921 -0.030546 0.357933 0.539865 -0.118969 -0.252375 -0.193522 -0.161324 0.165331 0.11856 -0.474762 -0.0976682 -0.218235 0.0253651 0.168874 -0.119494 0.0814849 0.504773 0.232543 -0.217661 -0.293372 0.120654 0.0505118 0.0913753 0.657673 0.391 -0.470037 0.0632021 0.345985 -0.056667 0.0230146 0.497961 0.121211 -0.239115 -0.193176 0.255815 0.175505 -0.244468 -0.110307 -0.168935 -0.0507342 0.18119 -0.0318356 -0.119792 -0.0858299 0.0523181 -0.0766873 0.00060695 0.0725679 0.264031 0.486826 0.826572 -0.0333622 -0.231598 -0.0778182 0.581708 -0.175745 0.506035 0.464636 
-0.432907 0.163297 0.534336 0.17114 0.0667601 -0.0175026 0.0179711 -0.059247 -0.241638 -0.169837 0.331611 -0.197483 -0.0643994 -0.232916 -0.456886 0.21347 0.238463 0.378481 -0.240102 0.117385 0.22408 -0.0395804 -0.491482 -0.146858 -0.396885 0.113356 -0.327979 0.12343 0.21703 -0.0529156 -0.230097 -0.226012 0.229394 -0.230751 -0.07037 0.497727 0.317201 -0.069811 0.43518 -0.507161 0.519995 -0.0324954 0.0625111 -0.146908 -0.0693826 0.0916698 0.225547 0.105611 -0.170413 0.192195 0.274448 0.116406 -0.110141 0.528338 -0.201478 0.0597222 -0.569956 -0.0746322 0.0452498 
0.197902 -0.184449 0.21564 -0.0251253 -0.151334 0.0329302 0.199008 0.239068 0.107399 -0.0419696 0.0942043 -0.00310872 0.398632 -0.353161 -0.116018 -0.336004 0.0792384 -0.166873 -0.264151 0.144169 0.0718048 -0.0656791 0.0373671 0.456041 0.0678412 0.0277133 0.202258 -0.142334 -0.0515638 0.195912 -0.0310227 -0.00520124 -0.0156179 0.148033 -0.0668434 0.0283996 -0.127917 -0.0756942 -0.232469 -0.38568 -0.0763319 -0.174462 -0.123735 -0.0210984 -0.119497 0.190878 0.183993 -0.191034 0.00881344 -0.0468037 0.31104 -0.0379176 -0.503744 0.26232 0.0584453 -0.0515377 -0.173246 -0.331095 0.423766 
0.0199476 0.265772 0.0607953 0.328625 0.091687 0.313576 0.186825 -0.165384 0.0448815 -0.0738754 -0.141721 -0.0952989 0.151789 0.430603 -0.150953 -0.294301 -0.174514 -0.201598 0.0300182 -0.372644 -0.262136 0.463968 -0.129159 -0.457591 -0.283564 0.0195846 -0.173481 -0.12919 -0.338535 -0.043531 -0.145541 0.339652 -0.218994 0.454816 0.338411 0.0553054 -0.100927 0.525786 -0.240299 0.302366 0.381643 0.485775 -0.409264 0.0194963 -0.408459 0.38351 -0.0300795 -0.0632974 0.194239 -0.0112401 0.12039 0.0756261 0.420729 -0.440524 -0.178408 -0.467708 0.715876 0.0331121 -0.306377 
0.0245955 -0.364061 0.0832761 0.264009 0.0597681 -0.131753 0.300188 -0.0894773 0.00931714 -0.28134 -0.147077 -0.455173 0.416925 -0.296178 -0.213808 0.476484 0.486336 -0.470993 -0.165937 0.115217 0.155397 -0.0176782 0.258659 0.0996387 -0.451567 -0.00341002 0.150344 -0.428032 0.0418105 0.488315 0.594252 0.0694108 -0.496665 0.0401393 -0.214305 0.503571 -0.158181 0.266931 -0.389879 0.0160452 0.13842 0.128796 -0.365046 0.334569 0.215424 -0.213403 0.179683 -0.169761 0.0108096 -0.207894 0.701787 0.0192278 -0.00314325 0.168306 0.0180205 -0.503508 -0.514056 0.140237 -0.649435 
-0.373471 -0.101592 -0.0555315 0.101856 0.0154423 -0.412376 0.141299 0.253986 0.172523 -0.290066 0.53469 -0.00859047 -0.336918 -0.110203 0.232794 0.154344 0.00424823 0.0470283 0.430854 0.091605 -0.147072 -0.510217 -0.144805 -0.230885 -0.0533465 -0.108229 0.339129 -0.169425 -0.222753 0.198954 -0.388903 -0.268357 -0.0503348 -0.0470415 -0.0674443 -0.0404845 -0.0933437 0.15106 0.226577 -0.242578 0.202052 0.101728 0.0372114 0.449855 0.0752767 -0.323149 -0.230214 -0.44013 0.169337 -0.375732 -0.272809 0.507375 0.215517 -0.469499 0.15996 0.327033 0.0563045 -0.0730894 -0.081936 
0.126446 -0.0511576 -0.014943 -0.323103 0.279775 0.122041 -0.237856 0.115696 -0.245577 0.0801204 0.327379 -0.152103 0.298744 0.00140954 -0.198183 0.140186 -0.0794041 -0.184125 0.184828 0.0703839 -0.314208 -0.000480739 -0.199526 0.334518 0.0231685 0.156416 -0.396687 0.225182 -0.0376477 0.107301 -0.273575 -0.258807 -0.334373 0.0206362 -0.213848 -0.163783 -0.00584443 -0.168623 -0.0244934 0.329364 0.126398 0.0828204 0.297349 0.201782 0.189326 0.281885 -0.274973 0.0433718 -0.111352 -0.200958 0.13334 -0.129111 -0.35643 -0.179681 -0.248236 0.110408 -0.195182 -0.029768 0.0301876 
-0.300728 0.232223 -0.289363 0.0452678 -0.242537 -0.208944 -0.13073 0.202722 -0.13969 0.265988 0.101451 0.164838 -0.192344 0.230435 0.239936 -0.0812586 -0.116516 -0.0165759 0.0502342 0.0850735 0.339396 0.189376 -0.094288 0.11367 -0.208074 -0.0509578 0.0533513 0.120368 -0.401721 -0.296184 -0.247837 0.0185563 0.186155 -0.316795 0.263009 -0.022067 0.268514 -0.0482593 -0.352349 0.0194297 -0.364372 -0.00694511 0.0671501 0.162651 -0.257093 -0.064918 -0.140769 0.199144 0.216698 -0.101942 -0.163886 0.269253 -0.0990311 0.146471 0.552461 0.135287 0.420515 -0.203562 0.0695794 
-0.150086 -0.207518 0.12117 -0.263885 0.0797791 0.399256 -0.450476 -0.120424 -0.117945 -0.063567 0.323639 0.184808 0.0581425 0.0027884 0.410173 0.00252865 -0.103263 0.0650007 -0.0283724 -0.172814 0.103542 0.000582109 -0.0324419 -0.12645 0.29776 0.349936 -0.42526 -0.177762 0.155379 0.0969287 -0.198079 0.241277 0.425787 0.0544075 -0.101084 -0.0570177 0.374785 0.280114 0.191208 -0.187026 0.155856 -0.0668974 -0.322192 -0.0335118 -0.0805949 0.0567492 0.16224 0.0697463 -0.232726 -0.376813 -0.294452 -0.335403 -0.192455 -0.0735803 0.313301 -0.183643 0.150235 -0.0108593 0.117493 
0.118707 0.318418 0.143938 -0.0400543 -0.0552017 0.161614 -0.0689928 -0.0225595 -0.701068 -0.0864834 -0.218616 0.0399192 0.0284658 0.094837 0.337196 0.0952677 -0.0205889 -0.166329 -0.154457 -0.0529542 -0.121828 0.343054 0.0652443 0.0438943 0.184316 -0.0981109 0.337052 0.177897 0.0966984 0.198862 -0.169459 0.0045601 0.279096 0.12965 -0.284919 -0.37865 0.317061 -0.0937386 0.0956832 -0.0631722 -0.216858 -0.181457 0.0792379 0.0265824 0.268535 -0.0229012 -0.201426 -0.126793 0.158174 -0.0247224 -0.13936 -0.00535222 0.228501 0.102108 0.0583747 0.206279 0.365459 -0.091459 -0.147035 
0.128328 -0.0634209 -0.27925 0.0112858 -0.148419 0.00419688 0.185269 -0.104386 -0.10396 0.0790328 0.00737862 -0.102043 0.0908469 0.00753014 0.035591 -0.122575 -0.182847 0.401521 -0.256365 -0.0150252 0.0086586 -0.131897 -0.087369 -0.108474 -0.0796267 0.0686189 -0.0125664 0.129096 -0.0454838 0.0250077 -0.260209 -0.140956 0.32519 -0.20878 -0.287126 -0.28676 0.0357467 -0.137327 -0.174795 -0.327016 0.220021 -0.0794273 -0.213839 -0.445301 0.279673 0.188953 0.00661389 -0.120148 -0.110197 0.296769 -0.171575 -0.196376 0.104508 0.213056 0.0699654 -0.00164167 0.0403051 0.296551 0.0967615 
-0.465268 0.269237 -0.246059 0.199708 -0.019244 -0.150452 0.0570259 0.0402262 0.0446856 0.185036 -0.0138414 0.104644 -0.0898436 -0.32674 0.215517 -0.47806 0.206981 -0.183478 -0.107157 0.214423 0.0640025 -0.0106305 -0.149616 0.00938148 -0.0818544 0.079138 -0.0201845 0.101967 0.325768 -0.0406309 0.00443124 -0.0594545 0.172551 -0.0607338 0.214429 -0.148216 -0.243491 -0.428238 0.119905 -0.270158 0.137089 0.21281 -0.217176 -0.146949 0.0212263 -0.075085 -0.183103 0.0504792 -0.217046 0.0924453 0.387338 -0.115625 0.109852 0.138113 -0.0124492 -0.241064 -0.0536716 -0.121399 -0.299271 
-0.22841 0.245035 -0.0286705 -0.269137 0.268143 0.315895 -0.164791 -0.0778432 -0.22263 -0.0114734 0.0694678 -0.131454 0.103071 0.467204 -0.213454 -0.392532 0.125817 -0.111527 -0.0761664 -0.114796 -0.223787 0.137085 0.377225 -0.116542 -0.366069 -0.00561842 0.0616235 -0.285206 0.0605231 -0.195685 -0.0839514 0.130955 -0.305215 -0.215477 0.0781181 -0.25957 0.0518381 -0.0539849 -0.198465 0.131424 0.117222 0.134028 -0.114266 -0.237125 0.29624 0.0336357 -0.092712 -0.012764 -0.137756 0.17614 -0.146431 -0.0440015 0.0643248 -0.15193 -0.263891 0.0895476 -0.146579 -0.102716 -0.3172 
-0.0444582 0.19738 -0.234081 0.268044 -0.272032 -0.194286 -0.0411587 0.0552805 0.366677 -0.0323642 -0.00585564 -0.268958 -0.0396681 0.260644 0.297173 -0.0182842 -0.0894785 0.055048 -0.377072 0.263708 0.0503314 -0.183745 -0.290934 0.32366 0.0683172 -0.0439715 0.220189 0.15388 -0.201247 0.12667 -0.0444804 -0.20359 0.171756 0.259435 -0.34566 0.262148 0.345582 0.122217 -0.233139 0.133438 -0.0201975 -0.152304 -0.374503 0.278363 0.2328 0.252675 0.0207833 0.166576 -0.150947 -0.127509 0.156348 -0.0511566 0.00429511 -0.00129333 0.158591 0.486567 -0.00543055 0.247648 0.17569 
0 0 0 0 0 0 0 0 0 0 0 0 0 0 0 0 0 0 0 0 0 0 0 0 0 0 0 0 0 0 0 0 0 0 0 0 0 0 0 0 0 0 0 0 0 0 0 0 0 0 0 0 0 0 0 0 0 0 0 0 0 0 0 0 0 
0.172269 -0.213768 -0.496536 -0.197177 0.0515125 0.303899 0.0417728 -0.196123 0.317484 -0.24099 0.214869 0.0672214 -0.604803 -0.413549 0.408137 -0.349613 0.249873 0.330145 0.132414 -0.0397428 0.0612504 -0.380572 -0.0578126 -0.199981 0.195709 0.301222 0.105581 -0.237579 -0.183799 0.0181239 0.0251393 -0.484011 -0.0889503 0.358817 0.0214236 0.31234 -0.351719 0.0962389 0.0106079 -0.637082 0.617422 -0.142038 0.420433 0.368597 0.00563442 -0.227745 -0.0675016 -0.00154464 0.216297 0.0146909 0.201666 0.083267 0.263205 -0.0684264 0.886078 -0.116186 0.0921999 -0.210169 -0.119556 -0.286564 0.253683 -0.176541 -0.0740498 0.0083736 0.432789 
0.199643 -0.574597 -0.285583 -0.0345926 -0.53811 0.0812958 -0.0403257 0.17304 -0.313624 0.0437503 0.672185 -0.167447 0.19573 -0.382052 0.324782 0.760472 -0.289093 -0.0472019 0.18738 0.217491 0.320412 -0.188334 -0.041427 -0.300704 0.681816 -0.0820321 -0.0733773 -0.262395 -0.228676 0.353449 0.0646639 0.120751 0.340137 0.231638 0.530671 0.239771 -0.0187601 -0.160837 0.0591423 -0.353385 -0.168582 0.47445 -0.0575342 -0.265097 -0.0582656 -0.0980841 -0.303934 -0.409393 0.027616 -0.0828363 0.0436439 -0.597615 0.245644 0.257251 -0.182634 -0.38388 -0.153819 -0.0356365 0.191085 0.107422 0.138107 -0.0632269 -0.0501029 0.0971387 -0.0237606 
-0.0631773 0.377101 -0.417025 0.140427 -0.0168791 -0.131686 0.41483 0.476201 0.136562 0.0319784 -0.582991 -0.0268597 0.244777 0.189228 0.137233 0.00785079 -0.373427 -0.467535 0.232172 -0.142799 0.351262 -0.0829969 0.466421 -0.276885 -0.234375 -0.284918 -0.401797 -0.554572 -0.212759 0.253605 -0.0976374 0.442999 -0.656786 0.470481 -0.441202 -0.0950784 -0.411503 -0.862528 -0.090404 0.157971 -0.121225 -0.079362 0.451116 0.448982 0.0738563 0.145477 0.422202 -0.08915 0.0847315 -0.310316 -0.0813303 -0.0526971 0.0961709 -0.0469846 -0.400866 -0.139388 -0.198154 -0.0499796 0.0178154 -0.270552 -0.133299 -0.200944 0.124081 0.290741 -0.13709 
0.464538 -0.0599018 -0.00401507 -0.158042 0.344829 -0.309719 -0.0130436 0.0760126 0.0607853 0.0150975 -0.478633 -0.157967 -0.0903554 0.36009 0.0372405 -0.0708955 -0.156314 0.106228 -0.171474 0.415806 -0.0945437 -0.0766034 -0.216877 0.0251346 0.359107 -0.00497445 0.148259 -0.115248 0.0617985 -0.138454 0.221181 -0.161895 0.0338303 0.14328 0.177556 -0.141148 0.251447 -0.125605 0.0989204 -0.333693 0.00409288 0.416265 0.13696 -0.22779 -0.443984 0.350547 0.414235 -0.0729728 0.134961 -0.156389 -0.0192141 -0.260179 0.136403 -0.053996 0.214101 -0.210338 0.52903 0.0517498 -0.104363 -0.197055 0.234646 0.367511 0.108707 -0.00183945 -0.118443 
-0.07504 -0.0955703 -0.0359896 0.145852 -0.0751125 -0.112821 -0.277093 0.0953603 0.139202 -0.0733091 -0.135094 -0.304573 -0.0694959 -0.00378976 -0.166047 -0.434399 0.0728047 0.442599 -0.11332 0.0844303 0.159882 0.062339 0.443957 -0.0336238 -0.074662 -0.350205 0.207179 0.0283978 0.588369 -0.0220431 0.0799602 0.349228 0.2934 -0.563585 0.275796 -0.15665 -0.112852 0.17755 -0.46734 0.564408 0.380909 0.273612 0.196178 0.470371 -0.348517 -0.10066 0.488633 0.0365165 0.0201684 -0.0858502 0.387197 0.986441 0.130274 -0.216732 -0.381905 0.0767682 -0.415771 -0.0232121 0.2131 -0.169797 -0.0700909 -0.0409053 -0.241223 -0.124022 0.0986266 
-0.00721541 -0.168896 -0.113194 0.0541201 0.564259 -0.248386 -0.0509704 -0.416295 -0.030986 0.405508 -0.204723 0.361348 -0.0148125 0.0916155 0.0137564 0.0655448 0.342843 0.221382 0.323358 0.000973925 0.946663 -0.116882 0.0182822 -0.0466964 0.0497062 0.486925 0.299724 -0.389218 -0.304276 0.433781 -0.20679 -0.143367 -0.253385 0.174867 -0.160649 -0.372161 -0.00292161 0.0939406 -0.257311 0.156907 -0.248489 0.045166 0.22721 0.0189189 -0.117788 0.129503 0.0107476 -0.0655509 -0.047632 -0.0624631 0.243053 0.213701 -0.0973229 -0.198534 -0.172107 0.220705 -0.680565 0.0398386 -0.443309 -0.295708 0.125419 0.0140691 0.106114 0.0327532 -0.114263 
0.389903 0.126382 -0.229372 -0.460246 -0.222529 0.305058 -0.339177 -0.056967 0.107711 0.0887993 -0.232125 0.207771 -0.0120034 0.208587 0.134223 0.0689063 -0.413883 -0.14666 0.184103 -0.117458 0.396598 -0.225891 0.0629552 0.0739059 -0.565309 -0.206395 0.0288378 0.161304 0.228794 0.326276 0.0411105 -0.130661 0.00641903 -0.318718 0.0779606 0.477955 -0.0830548 0.109635 -0.141046 -0.501787 0.772867 -0.164009 -0.493608 -0.354929 0.00780938 0.168714 -0.0486686 0.201254 -0.225346 0.545593 0.493643 -0.430312 -0.192554 0.211064 -0.136853 -0.129385 -0.220315 -0.448349 -0.0800689 0.0908631 0.385288 -0.205349 -0.131415 0.199589 0.0201665 
0.116032 -0.399957 0.190089 0.442114 0.285724 0.475401 0.0918123 0.315931 0.47288 0.355802 -0.17749 0.27476 -0.0585568 0.161714 -0.079921 -0.309551 -0.19463 0.175872 -0.172034 -0.227222 0.0325805 -0.245889 -0.166447 0.352083 0.2114 0.777345 -0.514091 -0.205861 -0.326187 -0.0160557 -0.0825269 -0.110047 0.105186 0.315198 0.231399 -0.00986605 -0.170897 0.0867018 0.180839 0.532729 -0.231047 -0.237635 -0.0335252 -0.181927 0.53024 0.132975 0.193963 0.374474 -0.110597 -0.029834 0.211985 0.440203 -0.25221 -0.0923061 -0.225386 -0.403955 -0.212828 0.192434 -0.0567982 0.0628136 0.118288 -0.26075 -0.340235 0.00350071 0.00137299 
0.240315 0.321285 -0.0134105 -0.0968983 0.170905 -0.297559 -0.281148 -0.11595 0.0496358 -0.392687 -0.319927 0.123986 0.0128655 0.149754 0.423888 0.164014 0.444393 -0.0668168 -0.163966 0.352079 0.16717 0.0322942 0.500953 0.703226 0.258391 0.23733 -0.5013 0.0957226 0.099394 0.0176467 -0.0152408 0.369641 -0.0303252 0.041414 -0.642079 -0.439345 -0.287622 -0.133539 0.161708 0.241034 -0.347844 0.37287 0.56392 -0.0383232 -0.741558 -0.257535 0.354793 0.361233 0.377729 0.154608 0.0519335 -0.181003 -0.00807726 -0.255013 0.269377 -0.288443 -0.0641694 0.157199 -0.132228 0.236754 -0.265143 0.531848 -0.13372 0.0468635 -0.0504301 
0.313279 0.202114 0.0037345 0.123789 0.324144 -0.0428382 -0.14681 -0.00166061 -0.0551132 -0.0147417 -0.121536 -0.166917 0.0990185 0.0392092 -0.00972649 0.0915448 0.162507 -0.13322 0.0444794 0.124704 0.0393045 -0.0902556 -0.29784 0.390236 -0.389313 -0.474399 0.177223 -0.343438 -0.200921 -0.108731 0.0859699 -0.062543 0.0601512 -0.476204 -0.077585 0.299206 -0.440778 -0.151919 -0.17609 0.197668 0.0160108 -0.36583 -0.286414 0.182882 0.00465128 -0.0271179 0.0413258 0.165924 0.15875 0.00133199 -0.00960084 -0.104597 0.0921139 -0.254074 -0.37139 0.297205 0.0501371 0.24112 -0.0246323 0.527339 -0.0683248 0.240721 0.0331038 -0.26826 0.0188104 
0.427525 -0.147984 0.119871 -0.110869 0.357164 -0.159401 0.271907 0.106683 -0.647085 -0.203974 0.46128 0.0631411 -0.683319 0.108069 -0.175979 -0.111316 -0.265946 -0.442628 0.191596 -0.230658 0.0525234 -0.106608 0.349414 0.230222 0.172664 -0.258143 0.562439 0.264351 -0.158889 0.0710039 -0.517199 -0.108071 -0.193975 -0.170209 0.390763 -0.351025 0.0578499 -0.0928308 -0.586583 -0.00460486 0.0666473 0.152958 0.40341 0.285893 0.401622 0.293059 -0.0659359 0.166397 -0.366748 -0.342484 0.162179 0.215122 -0.319838 0.486369 -0.41872 0.22277 0.0509072 0.0989089 -0.325062 0.216347 -0.123269 0.161495 0.0672488 0.0921817 -0.189491 
-0.460522 0.34463 -0.262296 0.188707 -0.238355 -0.27206 0.0462606 -0.399838 -0.0929974 -0.225553 -0.329404 0.101494 -0.159069 -0.158203 0.378444 -0.192104 0.106603 0.0613327 -0.21491 0.581193 -0.185056 0.0918167 0.124928 -0.140032 0.0238254 -0.375884 0.0610112 -0.159725 0.131666 -0.418475 -0.224801 -0.32427 0.137027 -0.0240477 0.417486 0.193896 0.156354 -0.0297376 0.283459 0.150246 -0.315821 0.0740866 -0.0277708 0.0861783 -0.0436327 0.0919892 0.362639 -0.527083 -0.219847 0.201727 -0.320463 0.493452 -0.0521959 0.136121 -0.155218 -0.205221 0.0595665 -0.000275821 0.272391 -0.239612 0.130802 0.0593738 -0.185878 -0.0718016 -0.257574 
0.397211 -0.322346 -0.0529106 -0.143496 -0.321358 0.450188 -0.175554 -0.18109 -0.276269 0.172722 -0.290338 -0.416275 0.445293 0.276388 -0.1602 -0.483573 -0.0289106 -0.243496 0.217447 0.214204 0.0294714 0.452889 -0.025586 0.0774871 0.0324283 -0.0185795 -0.359534 -0.10438 0.0468416 0.0358113 -0.0262106 0.11665 -0.669607 0.472085 -0.0730246 -0.273073 -0.390451 0.304904 -0.538715 -0.389175 -0.310566 0.0690176 0.0434231 0.41246 -0.491017 0.0721475 0.210226 -0.0292199 -0.123951 0.00994057 0.116762 -0.155161 -0.229919 0.00270189 -0.144485 0.283232 0.65732 0.00378429 0.173146 0.252363 0.12998 0.130717 -0.345007 -0.535109 -0.161967 
0.14955 0.299298 -0.235696 -0.23451 0.0408439 -0.0773051 -0.185479 -0.0162372 -0.0608937 -0.0510097 -0.111907 -0.255072 0.151741 -0.594419 0.296571 0.0148047 -0.105059 0.435898 -0.36033 0.164726 0.377443 0.157679 -0.464579 0.523734 0.219166 0.0672571 0.0688977 0.360617 0.0458272 -0.213725 -0.177528 -0.601489 0.147772 0.0947043 0.0514102 0.344817 0.345164 -0.0594837 0.323394 -0.166412 -0.316701 -0.222632 -0.0919962 0.546727 0.260823 0.354783 0.385981 -0.248387 -0.147388 0.0555888 -0.0965372 0.117781 -0.291768 0.0423829 0.257751 -0.0808611 0.136519 -0.252685 0.0334078 -0.0153594 -0.0694309 -0.158261 -0.25619 -0.286449 0.217645 
0.269547 -0.149594 -0.0402071 -0.532217 -0.665084 -0.0748163 -0.280235 -0.0731378 -0.0779082 0.230428 -0.243769 0.337308 0.36833 -0.532037 -0.483119 -0.164025 -0.296788 -0.2051 -0.280146 0.228733 0.893128 -0.0813632 -0.561817 -0.0102886 0.110235 -0.535431 0.143758 -0.0795659 -0.131178 0.257051 0.476423 0.377769 -0.225739 -0.0563004 0.776901 -0.149 0.320157 -0.0532686 -0.0397707 -0.0406565 0.152241 -0.218323 -0.22435 0.0711652 -0.122873 0.192903 0.014757 -0.565613 -0.0687195 0.33752 -0.0461909 0.131942 -0.247986 -0.481748 -0.246841 -0.0793945 -0.049258 0.228324 0.490549 0.366028 0.305395 0.230972 -0.0833422 -0.257897 -0.079095 
0.139707 0.0509025 0.156185 0.0455357 -0.0870564 0.494216 0.15761 -0.13696 -0.23218 0.236962 0.277567 -0.0490554 -0.688458 -0.285218 0.160719 0.0396991 0.419549 -0.343184 0.33629 0.134878 -0.159635 -0.160363 -0.189654 -0.276693 0.372034 0.361909 0.0862545 -0.126895 0.259004 0.00135064 0.100204 0.372058 -0.277986 -0.439557 0.190282 -0.123295 -0.938714 -0.435983 0.346555 -0.201287 -0.1077 -0.334114 0.138377 0.662619 -0.578602 0.428181 -0.282135 -0.149882 0.295273 -0.333335 -0.0949394 0.515032 0.0890218 -0.365777 -0.404445 -0.140909 0.437084 0.553991 0.0473633 0.186588 -0.0168303 -0.11442 0.0731051 -0.067621 0.43786 
-0.386412 0.30023 0.0170808 -0.356843 0.0106051 -0.386265 -0.204854 0.21296 -0.234949 0.46661 -0.0353217 -0.2274 0.264972 0.399563 0.0287498 0.330897 0.231065 -0.705879 0.187608 0.00698843 -0.098223 0.0868045 -0.262658 0.0794284 0.283676 -0.303537 -0.583179 0.542623 -0.184294 0.121957 -0.0681191 -0.0181562 -0.0804902 -0.252297 0.308744 0.184726 -0.118444 0.0218923 0.0289159 0.0294075 0.0902624 0.336733 0.0257955 0.273526 0.484752 0.326668 0.645545 0.450133 0.0239217 -0.177803 0.161094 0.430119 0.0895012 0.0249824 -0.307038 -0.828195 -0.196135 0.268401 0.387252 -0.0479746 -0.0331777 -0.0538355 -0.295774 -0.0739762 -0.304021 
-0.0744292 -0.110919 0.663413 -0.0776361 -0.405102 0.349303 -0.169136 0.309799 0.481697 -0.433179 -0.201047 -0.0688113 -0.209881 0.0550426 -0.476619 0.0025748 0.459183 -0.0778614 0.28095 0.296115 0.11926 0.231446 0.0544046 0.339336 0.0507375 -0.161266 -0.0572707 0.0879201 -0.0655665 -0.272356 0.596627 0.123133 -0.354941 0.344991 -0.0605483 0.159357 0.15146 0.4773 -0.203816 -0.502637 0.64815 -0.30131 0.450743 0.188193 -0.232011 0.501852 -0.046243 -0.157619 0.148775 -0.215696 0.154386 0.465985 -0.0732124 0.169188 -0.682655 0.106203 -0.0874511 0.205672 0.125894 -0.287716 -0.139119 0.45125 0.0943046 -0.349842 -0.0684147 
-0.0987671 -0.0511174 -0.261714 -0.228729 -0.162618 -0.0983806 -0.565882 -0.277664 0.153935 -0.307026 0.208623 0.149091 0.143526 0.071986 -0.0507824 -0.183035 0.607114 0.0830492 0.00164911 0.00813237 0.200551 -0.731792 -0.623267 -0.441563 -0.0113095 -0.220212 -0.0102187 0.132468 0.096701 -0.0790229 0.358438 -0.311131 0.14878 0.342818 -0.18197 0.0786337 0.548257 -0.561595 -0.205142 -0.491823 0.243761 0.0616451 -0.364788 -0.180939 0.250796 0.404803 -0.33118 0.3046 0.535902 0.187589 0.584669 -0.0852016 0.52695 0.0284442 -0.00953826 -0.0231518 0.573664 0.0449657 0.258827 0.0555307 0.226751 0.121334 -0.151664 0.405447 0.229801 
-0.102846 -0.200115 0.311768 -0.125848 0.0483284 0.0267892 -0.629186 -0.0226946 0.132764 0.125585 0.281546 0.0530129 0.320758 0.425836 0.382898 -0.22373 0.191496 0.301019 0.211541 -0.434855 -0.184858 -0.682808 -0.622502 0.0161559 -0.310316 -0.386226 0.449661 0.0239491 -0.030988 0.0183259 -0.384641 -0.474323 0.404987 0.41673 -0.383148 -0.249184 0.15633 -0.553537 -0.221395 -0.347414 -0.292954 -0.659273 -0.659501 -0.270198 -0.293927 0.256051 0.449658 0.337662 0.526261 -0.00420514 -0.364335 -0.0356031 0.340511 0.345622 0.0466272 0.170292 -0.305759 -0.0772323 0.140048 -0.178188 0.024158 0.202842 0.53251 0.0464039 -0.128691 
0.0703836 -0.0265112 0.440267 -0.246961 0.281183 -0.0744606 -0.125641 -0.0985052 0.126489 0.0633167 -0.130278 -0.225041 -0.505745 0.0386246 -0.40316 -0.0444662 -0.0731833 -0.186517 -0.36243 0.186459 0.34003 -0.324036 -0.226703 0.334665 0.0234472 0.153815 0.308887 -0.0194821 -0.385344 -0.0922943 0.174946 -0.172121 0.0721025 -0.00390557 0.382204 0.0160231 -0.316692 0.0609033 -0.288847 0.179787 -0.448323 -0.628174 -0.479231 -0.125348 -0.620482 0.26678 0.105306 0.0878286 0.43583 -0.0138304 -0.241101 -0.296368 -0.0675967 -0.508223 0.0955277 -0.167119 0.420905 -0.141688 -0.215569 -0.0957031 -0.185541 0.0178594 0.170167 -0.152586 -0.0210196 
0.109532 0.346802 0.100553 -0.0353145 -0.43512 -0.456648 -0.280278 0.0111187 0.306378 -0.157935 -0.0735957 -0.142226 0.0716838 0.141904 0.193396 0.0661374 0.243368 0.0219093 0.427083 -0.140564 0.157934 0.106932 0.138739 -0.176736 -0.155026 -0.312956 -0.334067 -0.0250635 0.160442 -0.060294 0.305602 -0.15312 -0.150852 0.187911 -0.263679 -0.198559 -0.0815587 -0.0604307 -0.0390438 0.0131129 0.0447618 -0.399136 0.0714865 -0.0455589 0.0257513 -0.0413144 -0.100204 -0.0598981 -0.0677237 0.142467 -0.137976 -0.339292 0.0580278 -0.0514019 -0.0649942 0.277614 -0.357526 0.0847071 -0.131375 -0.156083 -0.0744588 -0.0113146 0.210204 0.433184 0.0232266 
-0.469856 0.0777693 -0.169216 -0.028203 -0.0775636 0.610206 -0.329096 -0.135893 -0.100483 -0.182905 -0.226786 -0.332272 -0.238868 0.279623 -0.151368 0.0873743 -0.0190762 0.127254 0.27027 0.0546999 -0.185593 0.189148 -0.0573632 0.0511507 -0.286475 -0.36072 0.224917 -0.00852681 -0.149797 0.232102 -0.371768 -0.184123 0.0242311 0.000721772 0.345454 -0.190274 0.155233 0.056333 -0.0912276 0.198048 0.020297 -0.297783 0.164103 0.325736 0.442869 0.0583499 0.458721 0.214407 0.0328973 0.244581 -0.123334 -0.241122 -0.0952538 -0.0734616 -0.123653 0.278929 -0.0157092 -0.053781 -0.408258 -0.0869686 -0.0792481 0.167009 -0.282152 -0.097733 -0.121325 
0.385479 -0.111383 -0.115449 -0.0121874 0.101348 0.172064 -0.187394 0.392911 -0.0534208 -0.302241 0.272286 -0.0535166 -0.149281 0.356073 0.0204137 -0.257781 0.229939 -0.408698 0.0212691 0.189723 0.578924 0.101053 0.256513 0.2569 -0.204508 0.12089 0.0290446 -0.237705 -0.239422 -0.112413 -0.262198 0.204178 -0.0242987 -0.249176 0.107525 0.221564 0.129923 -0.139526 -0.425362 -0.174187 0.0110119 0.182358 0.0831638 -0.00100628 -0.187982 -0.00273346 0.116304 -0.00658077 -0.122818 0.149853 -0.028381 -0.489142 0.297618 -0.137206 -0.216259 -0.67305 -0.142611 0.207617 -0.0392209 0.115258 -0.209955 -0.186576 -0.101963 0.143563 -0.234657 
-0.256154 0.247487 -0.212751 -0.351773 -0.101922 0.349629 -0.00540499 -0.0222002 -0.00792814 -0.244266 0.0813875 -0.105344 0.569397 0.127479 0.169867 0.294318 -0.147905 -0.0149916 -0.1997 -0.0416852 -0.0350026 -0.372927 0.236669 0.11033 0.295281 0.232901 -0.0934517 -0.000198231 0.100114 0.114561 -0.0347195 -0.0948362 0.132769 0.0139357 -0.0972513 -0.0970667 -0.114363 -0.0496852 0.262795 -0.219494 0.35302 -0.138337 -0.289906 -0.249164 -0.110506 0.147422 -0.0560342 0.083782 0.387936 -0.101652 -0.0165711 -0.124719 0.281228 0.137712 0.135393 -0.0493518 -0.573763 -0.496094 -0.241901 0.0676393 -0.200548 0.193116 -0.121858 -0.164544 -0.279549 
-0.0690263 -0.345343 -0.0117006 -0.200852 0.355779 0.0907461 0.174403 -0.282089 0.0450486 0.12876 0.10768 -0.0791382 0.169242 0.240826 -0.0745967 -0.0788664 0.153108 -0.152611 0.000246255 0.12284 -0.0314647 0.0782485 -0.462366 0.0753058 -0.236948 0.00799454 0.472729 -0.0654482 -0.0220718 0.00798731 -0.512176 0.221223 0.00137737 -0.0859871 0.278549 -0.0205663 -0.143679 -0.162777 -0.13226 0.0682259 -0.138685 -0.161859 0.193482 -0.0620435 0.222093 0.198549 -0.0694963 -0.0624746 -0.16767 0.255051 0.128066 0.0482137 0.130091 0.127215 0.171085 0.218331 0.269327 0.0674435 -0.160828 -0.0522016 -0.0796698 0.265356 0.205721 0.115881 -0.120591 
0 0 0 0 0 0 0 0 0 0 0 0 0 0 0 0 0 0 0 0 0 0 0 0 0 0 
0.252282 0.181009 0.289859 -0.0949533 0.106705 -0.493183 0.406613 -0.131595 -0.0412611 -0.487957 -0.180155 0.289493 0.367283 -0.149004 -0.166741 -0.0899587 0.467584 -0.219792 -0.539498 -0.503246 -0.244306 0.0981544 -0.0325204 -0.123773 0.0240714 0.190956 
0.0286787 -0.0237283 -0.0329552 -0.35497 0.154328 -0.251102 0.256845 -0.031352 -0.0404092 0.216 -0.0244708 0.178178 -0.0226219 0.341826 0.00800832 -0.182296 -0.0411538 0.0196646 -0.324202 0.245185 0.267012 0.274266 -0.174685 0.0847476 0.272125 -0.409223 
0.0994838 -0.0543988 0.437806 0.295388 0.173271 0.121001 0.111023 0.109363 -0.291936 0.723606 0.290051 0.066168 -0.162357 0.62072 0.376449 -0.206419 0.400233 0.235095 -0.0603306 -0.0807302 0.33187 0.396376 -0.105081 -0.358743 0.145786 -0.105447 
0.238655 -0.0657985 -0.267892 0.0899864 -0.272755 -0.12406 0.00672104 -0.0117255 0.0340287 -0.0560207 0.261018 0.105276 -0.105885 0.231186 -0.335174 0.184782 0.246664 0.37921 0.0290735 0.330371 0.10463 0.0434469 -0.12067 0.082245 -0.00678253 -0.294429 
0.10434 0.162961 -0.113687 0.0261474 -0.112981 0.211485 -0.416789 -0.149231 -0.132553 0.0737587 -0.229873 -0.129632 0.398764 0.27779 -0.218162 -0.141497 0.333783 0.38552 0.151582 -0.264271 0.201454 0.121697 0.13971 -0.244899 0.266123 0.142496 
-0.0268964 -0.437274 -0.384959 -0.403082 -0.243813 0.19625 0.0651204 0.17043 -0.150377 -0.176752 -0.320002 -0.032238 -0.00751676 0.10999 -0.00545497 -0.312754 0.129818 -0.417477 -0.0801448 -0.462493 0.00627656 0.348146 0.136962 0.225079 -0.0456505 0.0509666 
-0.0543798 -0.231169 0.264453 0.0164772 -0.315171 -0.285546 0.214225 0.190874 0.146207 0.161922 0.228255 0.018089 0.464358 0.0290757 -0.458222 -0.14598 -0.359215 0.0203129 -0.399679 -0.26423 0.514055 0.120147 0.109444 -0.0727175 -0.170786 -0.100443 
0.124381 -0.0847236 0.0762116 0.65074 0.423616 -0.146781 -0.137363 -0.0280339 0.0710617 -0.502794 0.157464 -0.222258 -0.445886 0.0666557 -0.381526 -0.16262 0.100834 0.304585 0.398019 0.125045 0.650561 0.0806764 -0.0555981 -0.219012 0.00871504 -0.121913 
0.117419 0.0873963 -0.389433 0.0805948 -0.14423 -0.338241 -0.402181 0.475897 -0.304497 -0.373594 -0.0458426 0.0917826 0.413924 -0.274041 0.139332 -0.198008 -0.217266 -0.0538788 -0.0141713 0.498853 -0.0318751 -0.274681 0.0922383 0.427995 0.173457 -0.248205 
-0.279082 -0.0376656 0.246281 -0.434257 -0.18009 -0.206261 -0.362838 -0.047804 0.0143269 -0.0765224 0.123058 0.28471 -0.144193 -0.177113 0.132455 -0.154721 0.0694534 0.190582 -0.514384 -0.184879 0.215364 -0.300768 0.179974 0.427928 0.225742 -0.196602 
0.130815 0.123686 -0.417736 -0.278361 -0.274102 -0.459937 0.31107 0.0432065 -0.206208 -0.114768 0.0734548 -0.0816628 0.312609 -0.179005 -0.197645 0.0563734 -0.0774904 -0.222604 -0.40633 -0.208851 -0.137317 -0.172898 0.0228906 0.265779 -0.022329 -0.000561819 
0.033276 0.00659786 -0.14661 0.148293 -0.355241 0.332407 -0.863142 -0.20091 -0.0876555 0.209494 0.300065 0.480809 0.173844 -0.0399651 -0.228054 0.350476 -0.259668 0.0873111 0.235158 0.1344 0.129457 -0.123344 -0.0823027 -0.429112 -0.106128 -0.0938537 
-0.297176 0.41274 -0.108961 0.275102 0.137202 -0.412063 0.198182 0.0706358 0.167452 0.0269642 0.542793 0.241289 -0.714451 0.093058 -0.199039 0.100735 -0.00367435 0.646446 0.273125 -0.0910325 0.0307207 0.0351946 0.127739 -0.0638487 0.149058 0.0249984 
0.208898 -0.32021 -0.164379 0.545834 0.177052 0.124601 0.500628 0.344188 0.0936973 0.573344 0.176515 0.0836001 -0.393897 0.143301 -0.172028 -0.307367 -0.352903 -0.0888925 0.165351 -0.462092 -0.098231 0.167259 -0.0175179 -0.123504 0.206254 0.176516 
0.374106 -0.322339 0.581802 -0.0781102 -0.59385 0.583455 -0.0314996 -0.230143 0.0508233 0.107341 -0.246723 -0.291353 -0.0927874 -0.0609172 0.161659 -0.232516 0.135104 -0.0778003 -0.290737 -0.117981 0.464818 0.277216 -0.233756 0.166305 0.12805 -0.156957 
-0.222458 0.246775 0.0706977 -0.0345834 0.215769 0.154499 -0.0119422 -0.313886 0.334107 -0.262807 0.33039 0.0705155 -0.326344 0.280949 -0.00114477 -0.129844 -0.242312 -0.165202 0.157217 -0.201293 -0.286552 0.0794702 0.0937289 -0.00171356 -0.133303 -0.20803 
-0.205086 0.475586 0.310737 0.502334 0.190668 0.0927562 0.0580528 0.0788332 0.3394 -0.34321 -0.123133 -0.349095 0.18788 0.195764 -0.444566 -0.0924863 -0.254661 -0.371692 -0.0127524 -0.593153 -0.180494 0.207746 0.172561 0.0395714 -0.0266881 -0.0240684 
0.494641 -0.0412529 0.0543797 0.482773 0.316007 0.874586 0.323796 0.454581 0.206609 -0.272432 -0.303395 -0.219148 -0.0199754 -0.108771 -0.587526 -0.160807 0.102806 -0.143841 -0.043777 -0.00526025 -0.109096 -0.245333 -0.225639 0.0344121 0.191555 -0.0151741 
0.0123956 -0.0523155 0.554461 -0.628686 -0.456856 -0.0129687 0.175303 -0.234602 -0.233287 0.00221292 -0.186393 -0.269743 -0.437611 0.410966 -0.187034 -0.25552 -0.452656 -0.13462 -0.246896 -0.191739 -0.185495 0.196792 0.0753443 -0.181677 0.210863 -0.143083 
0.0309712 0.174257 -0.232663 -0.336661 -0.51747 0.429283 0.0959773 0.193299 0.0750495 -0.105902 0.0230192 0.0165711 -0.205732 0.130045 0.176015 -0.0510009 0.166678 0.0336323 0.221605 -0.00474739 -0.754523 -0.304804 -0.144853 -0.0731107 -0.143997 -0.068316 
-0.378515 0.194569 0.171276 0.0922324 0.708518 0.4083 0.685485 -0.102917 0.397126 -0.288559 -0.282646 0.0480506 -0.0850184 -0.00803002 -0.259317 0.0114418 0.25004 -0.00862257 0.764543 0.176086 -0.299519 0.0987466 0.0460164 -0.0878217 0.200064 0.0374399 
-0.229935 -0.0604987 -0.33951 0.360546 0.425431 -0.196581 0.263575 0.0885257 0.151547 -0.266043 -0.211327 -0.524706 -0.0605392 0.00343118 0.0999931 -0.0536913 0.0123602 -0.345457 0.254536 0.5647 -0.389602 0.140186 0.0557293 0.0137137 0.0101819 -0.0755544 
0.139251 0.336096 -0.0205176 -0.838971 -0.107525 -0.284184 -0.242013 -0.160584 -0.185479 0.070686 0.0693085 0.526898 -0.433654 -0.146042 -0.559423 -0.111077 0.28576 -0.594415 0.345373 -0.342612 0.0198551 0.349775 -0.3527 -0.202976 -0.037493 -0.0965008 
0.010969 -0.153821 -0.343359 -0.357452 0.0204463 -0.212984 -0.320782 0.156258 -0.245634 0.126179 0.0912764 -0.2128 0.146275 0.324542 -0.248537 0.236124 -0.0321 -0.471734 -0.11212 0.0434663 0.132627 -0.182003 0.422465 0.138202 0.322257 0.401088 
-0.41418 0.47433 -0.0302806 0.25627 0.109883 -0.2298 -0.0362692 -0.278806 0.113275 -0.174093 -0.0328768 0.591463 0.332451 -0.00805915 0.0804841 0.632914 -0.120399 -0.289426 0.290715 0.192189 -0.30893 -0.0124942 -0.254146 -0.0388949 -0.0213462 0.0330773 
0.162503 0.601356 -0.152622 0.260359 0.314084 -0.158184 0.64255 -0.144755 0.198928 -0.0614423 0.125083 -0.337574 0.313605 0.192051 0.214661 -0.0889959 0.160243 0.46768 -0.395293 -0.423019 -0.391591 -0.0345477 -0.251917 -0.278571 -0.0871608 -0.154513 
0.15307 0.28332 0.340344 0.250539 0.121643 -0.156918 0.221494 0.0686001 0.413312 0.55491 0.15437 -0.389383 -0.103735 -0.256425 0.344479 0.222319 0.427714 0.51657 -0.23397 -0.677274 -0.13954 0.261329 0.129483 0.319244 0.0568542 -0.15423 
-0.0824812 0.387859 -0.203528 -0.406796 -0.387402 0.134465 0.252843 -0.0504737 0.0173636 0.0709737 -0.356965 -0.604026 -0.163073 -0.222875 0.108587 0.435047 0.406721 -0.219026 -0.0631505 0.200847 -0.146254 -0.162274 -0.216416 0.0565097 0.267134 -0.0688833 
-0.465576 0.179218 0.139172 -0.434252 0.24473 0.124872 -0.135324 -0.3782 0.122043 0.0376705 -0.0411919 -0.212359 -0.129964 0.00833816 0.483841 -0.160994 0.365971 -0.299548 0.295819 0.298356 -0.136376 -0.281094 0.197848 -0.136703 0.223033 -0.35552 
0.420997 -0.174783 0.109645 -0.577453 -0.119826 0.114425 0.419456 0.50832 -0.136026 -0.0555734 -0.42396 0.200956 0.378277 0.0262801 -0.0149117 0.229559 -0.548372 0.109622 -0.322389 -0.162966 -0.0113205 0.256819 0.0206554 0.0206626 -0.379052 -0.0198629 
-0.15695 0.140447 -0.463431 -0.507664 0.0804724 0.246473 -0.277069 -0.396801 0.124933 -0.382014 -0.0464569 -0.144108 -0.0553529 -0.388344 -0.0802765 -0.746824 0.0391919 -0.0273185 -0.181322 -0.160965 -0.281807 0.00173674 -0.0349721 -0.263421 0.183883 0.398986 
-0.426392 -0.13951 0.62245 0.200934 -0.47884 -0.308298 -0.194448 -0.145101 -0.19322 -0.150433 0.21166 -0.00623341 0.111182 0.176281 0.0202579 0.341853 0.0295276 0.33165 -0.440087 0.0351849 0.116738 0.188926 0.156077 -0.12857 -0.0107232 0.280025 
0.0619572 0.17383 0.6109 -0.351239 0.0417647 -0.423382 0.170791 -0.014224 0.309282 -0.255036 0.0838657 -0.0908836 -0.0552389 -0.253082 0.347566 -0.327557 -0.0107455 0.178174 0.239694 -0.617605 -0.0177747 -0.0480809 0.20676 -0.0453624 -0.12927 0.212611 
0.249186 0.141394 -0.155091 -0.414299 0.298102 0.0254623 0.194369 -0.347272 0.340312 -0.404968 -0.268432 0.0303465 -0.438071 -0.484211 -0.0839998 -0.0672313 -0.204608 0.176103 -0.281473 -0.0769872 0.25469 0.0513633 0.0915473 -0.0848909 -0.228671 0.260269 
0.0353663 0.073317 -0.445002 -0.420815 0.263254 -0.365385 0.318776 0.309938 -0.220422 -0.226042 -0.256557 -0.0696686 0.074021 0.0221709 -0.0527716 -0.795849 -0.52883 0.121503 0.417512 -0.155407 0.0604124 0.523325 -0.180595 -0.102172 0.155753 0.338173 
-0.18067 -0.106245 0.388842 0.216145 0.181291 0.250439 -0.0946159 -0.0335483 0.149821 0.37275 -0.334042 0.354997 0.182072 0.139381 -0.134483 -0.140123 -0.0923521 -0.244139 0.370672 -0.302193 0.201414 0.018794 -0.167304 0.0522097 0.189543 0.0423704 
-0.31371 0.280674 -0.771504 0.286057 0.419606 -0.704504 0.156715 0.296861 -0.29197 -0.0834828 -0.150446 -0.193396 0.213746 0.108009 0.36724 0.638827 -0.143237 0.362642 0.201889 0.208401 0.397898 0.425888 0.146619 -0.246333 -0.00960024 -0.0300036 
-0.445886 -0.066145 0.53428 -0.0696962 0.401686 0.113304 0.113627 0.193843 -0.337296 0.218243 0.0322794 -0.0478543 -0.0476257 -0.566859 0.332037 0.00169624 0.318628 -0.377573 0.0102093 -0.107762 0.122087 -0.120928 0.174338 -0.532412 0.297114 0.230867 
0.141976 0.0076506 -0.362516 -0.236009 -0.0640722 -0.187826 -0.0392012 0.035018 0.158556 0.0911495 -0.446708 -0.0480385 0.194407 0.306642 0.0104875 -0.167972 -0.186243 -0.704874 0.0745069 -0.400967 -0.130369 -0.22908 -0.439388 -0.0859132 0.250218 0.388104 
-0.231791 -0.420508 0.162094 0.464553 0.187605 -0.0477054 0.425315 0.109943 0.0689909 -0.334536 0.268986 -0.169037 -0.0132504 0.30793 -0.0806471 -0.169445 -0.0661985 0.0519989 0.611684 0.250559 -0.297044 -0.145424 0.0447871 0.0986948 0.13891 -0.0807223 
0.212013 -0.237728 -0.0194971 -0.310611 -0.647699 0.555309 -0.00849748 0.182539 0.504514 0.201416 -0.0675859 -0.187973 0.00439029 -0.544671 0.121712 -0.258176 0.177521 -0.105488 -0.0385292 -0.0695894 0.0354288 0.054198 -0.158613 0.155383 -0.293217 0.0725225 
-0.308454 -0.0666975 0.377809 0.371092 0.0923491 0.430915 -0.317202 0.262606 -0.317262 -0.18892 -0.0563521 0.0768698 0.61345 0.360669 -0.372751 -0.285649 0.0647271 0.409406 -0.0167335 -0.143962 -0.207409 0.35459 -0.115928 -0.477456 0.186425 0.245025 
0.406749 0.316787 0.19712 -0.158283 0.233807 0.0581242 0.206684 0.154665 0.147103 -0.62357 0.205328 0.121624 0.32307 -0.0295325 0.116028 -0.442277 0.0974337 -0.18117 0.107847 0.406977 0.0436517 0.0407141 0.0104099 0.0290687 -0.139973 0.311039 
-0.3814 0.158653 -0.39914 -0.655044 0.128116 -0.125035 0.0504929 -0.0116958 0.523576 -0.233161 0.175272 0.223588 0.0423436 0.0116105 -0.143161 0.239773 -0.012442 -0.115664 0.27433 0.00648807 0.10186 -0.0514272 0.0115179 0.173024 -0.250503 0.130686 
-0.232731 -0.0528238 0.047545 0.393275 0.121563 -0.119511 0.0414301 0.144921 0.106315 -0.289267 -0.162293 -0.231093 0.0224057 -0.357454 -0.0647837 0.189092 0.213362 0.104519 0.022905 0.133188 0.320423 0.317959 -0.189236 -0.0689341 -0.152921 0.0462106 
0.20552 0.270945 -0.0948521 -0.187421 -0.122262 0.0711054 -0.295024 -0.456506 -0.748008 -0.1333 -0.685832 0.100348 0.0180755 -0.166747 0.258775 0.0723166 0.0801473 0.213587 -0.664912 0.276395 -0.356629 0.342385 -0.263184 0.00974634 -0.244161 -0.310659 
-0.417803 0.395176 0.0120943 0.041623 -0.48886 0.0462864 0.128471 -0.0755071 -0.212078 -0.407934 -0.342344 0.387461 0.0534301 0.292124 0.454516 0.149241 0.0339341 0.234592 0.163474 -0.0745187 0.1314 -0.247812 0.113905 0.109548 0.0850271 -0.0158835 
-0.0678963 0.367121 -0.126405 0.0680733 -0.407293 0.107643 0.108971 0.0688884 0.0380945 -0.0220114 0.188113 0.534712 0.260722 0.618509 0.199178 0.0372362 0.21102 -0.285329 -0.391582 0.331141 0.356543 -0.0006887 -0.00476425 -0.191574 -0.346554 -0.170392 
-0.303356 0.169356 0.152219 -0.238667 0.168509 -0.191118 0.00625215 -0.422006 0.0824587 -0.141136 -0.081918 -0.276202 -0.0100521 0.0873194 0.100708 -0.0857794 0.211925 -0.27924 0.0540073 0.0203762 0.173317 -0.287978 -0.13721 -0.00878824 -0.195086 0.100028 
-0.195522 0.0804886 -0.111367 0.0394843 -0.120587 0.311149 0.305347 0.4991 0.713281 -0.108835 0.363132 -0.381508 0.347904 -0.144741 0.102147 -0.361341 -0.0132451 0.271443 0.376367 -0.533569 -0.0681367 0.0550465 -0.130172 0.207609 0.182243 0.364937 
-0.218766 -0.558905 -0.518901 -0.244895 0.229871 0.0928359 -0.00198346 0.0363894 0.126507 -0.0918214 0.348595 -0.356974 0.691673 -0.10143 0.391777 0.210614 -0.238548 -0.198606 -0.268299 -0.690257 -0.687636 0.0064751 -0.425902 0.180888 0.491637 -0.0223721 
0.325857 -0.195008 0.246023 0.151243 -0.20091 -0.704583 0.081088 0.440829 -0.47386 -0.0825891 0.236477 -0.192116 0.232679 0.0383456 0.361457 0.222506 -0.536911 -0.216416 0.271944 -0.0560542 -0.254968 -0.0911142 -0.206552 -0.053517 -0.179956 -0.0758739 
0.452871 -0.163014 0.340575 0.344358 -0.154535 0.0832588 0.284319 -0.079389 0.767285 -0.61983 -0.106316 0.184118 0.00805708 0.116345 -0.255635 -0.316772 0.0905235 -0.350727 0.256655 -0.0247009 0.0719373 -0.309528 -0.00118725 0.131963 -0.0332686 0.214916 
-0.15277 -0.421625 0.0206501 0.148756 -0.171534 -0.0120325 -0.00428344 0.314452 0.0888746 -0.416807 0.544311 0.217855 -0.399166 0.285094 -0.247437 0.0345987 -0.164837 0.284187 0.0706564 0.318862 0.0208217 -0.102306 -0.124021 0.122612 -0.220094 -0.245123 
-0.217944 -0.579705 -0.477375 -0.0358209 0.172908 -0.0726944 0.163907 -0.249036 -0.0751144 0.0334347 -0.186495 -0.0344353 -0.15739 -0.324891 0.379821 0.348504 -0.275823 0.246082 0.0206907 0.281389 -0.319775 0.23043 0.155932 0.0736659 0.157835 0.0872412 
0.497813 -0.124519 -0.0595707 0.0968726 -0.283203 0.102453 -0.521434 -0.196398 0.328936 -0.0689869 -0.0531449 0.21391 -0.0657995 0.217031 -0.167591 -0.141795 0.254897 -0.173618 -0.0664706 -0.0970544 0.101336 0.152346 0.366431 0.311837 0.0209264 -0.0931777 
-0.45195 0.144428 0.348586 0.0249974 0.253195 0.265983 -0.342401 0.225856 -0.150216 -0.184383 0.00426625 0.0525766 -0.139005 -0.0639843 -0.356376 -0.497752 -0.0541815 -0.417026 0.135005 0.60373 0.372544 0.0212282 -0.160926 -0.140387 0.135921 -0.0547781 
-0.110295 0.0274751 -0.513866 -0.0853616 -0.287295 -0.0773282 -0.0347485 0.185951 -0.00558895 -0.222948 0.148524 0.141276 0.230239 -0.587801 -0.512507 -0.018098 -0.046906 0.0236967 -0.461987 -0.338938 0.0787016 -0.0226203 0.0678647 0.370166 0.00642417 0.0336914 
-0.0797034 0.663657 0.185781 0.168361 -0.307222 -0.0515328 -0.146092 -0.367151 -0.488831 -0.328483 0.299314 -0.140034 -0.198674 -0.511365 -0.0865941 -0.0632481 0.539454 -0.227751 -0.584171 -0.129026 0.0843953 0.209457 0.124816 -0.0930923 0.243017 0.111174 
-0.0902994 -0.0310371 -0.123913 0.0215247 0.282777 -0.189371 -0.062045 -0.131089 -0.0797386 -0.221665 -0.170452 0.247712 -0.330731 0.0331667 0.263096 0.247444 0.155891 -0.0947332 0.0707428 0.0168082 -0.0574225 -0.116656 0.0872113 0.061266 -0.289601 0.101009 
-0.21799 0.371575 -0.124771 0.0307179 -0.345224 -0.113202 -0.130118 0.620111 0.182724 0.225478 -0.31466 0.277514 0.278717 0.0354792 0.0536667 0.121116 0.273968 -0.0812639 0.276275 0.436038 0.0199361 -0.171704 -0.252149 -0.142012 -0.276442 0.117015 
-0.0629173 -0.460533 -0.065482 0.0317579 0.161671 -0.208983 0.316961 0.206478 -0.766021 -0.35846 0.0187639 0.23056 -0.22898 -0.252391 0.0384188 -0.430002 -0.233647 0.213782 0.35741 -0.0199297 0.421447 -0.00436066 -0.00827508 0.104044 -0.0428214 0.133062 
0 0 0 0 0 0 0 0 0 0 0 0 0 0 0 0 0 0 0 0 0 0 0 0 0 0 0 0 0 0 0 0 0 0 0 0 0 0 0 0 0 0 0 0 0 0 0 0 0 0 0 0 0 0 0 0 0 0 0 0 0 0 
-0.487649 0.722772 0.750409 -0.397627 0.0062345 -0.34473 0.300708 0.0759142 0.229665 -0.159145 0.438444 0.134278 0.283938 0.0115613 0.183315 -0.132143 -0.205631 -0.273365 -0.598589 -0.0750292 0.272416 0.0160944 -0.271899 -0.366844 0.0315168 -0.262962 -0.300912 -0.401479 -0.506345 -0.00704031 -0.0398245 -0.0814077 -0.243566 -0.352397 0.151451 -0.0985012 -0.185413 -0.328219 -0.239454 -0.108325 -0.556841 0.120054 -0.170652 -0.0281122 0.137496 -0.301861 -0.60022 -0.195032 -0.391921 0.0182007 -0.303073 -0.236811 -0.158772 -0.0642105 0.176549 -0.107577 -0.00456889 0.031439 -0.540814 -0.11904 0.112925 -0.588073 
0.468644 0.352402 0.54515 -0.311732 0.0742297 0.58309 0.50064 -0.579143 0.407449 -0.22861 0.0398744 -0.0451576 -0.394137 0.0574998 0.340491 -0.187468 0.0716441 -0.345656 0.179537 0.267154 0.426221 -0.0827687 0.497592 0.00914668 -0.132961 0.063065 -0.535879 0.0778896 0.192614 0.0541573 -0.285885 0.418343 0.276556 0.294194 -0.450011 -0.460431 0.118332 0.0889533 -0.0413857 -0.124635 0.540977 0.29532 0.0737037 0.299917 0.330125 0.112929 0.155013 0.147471 0.161781 -0.451242 -0.336537 -0.0407986 0.257232 0.183445 0.473383 -0.0262185 0.078593 0.450172 0.0601759 -0.190081 -0.41425 -0.604734 
-0.29155 0.0129423 0.0689114 -0.0616832 -0.238843 -0.113905 -0.232384 0.447995 0.00724448 0.19047 -0.404002 0.360623 0.324564 0.227179 0.633281 -0.865654 -0.107636 0.284408 0.274909 0.0820791 0.323456 -0.73 0.457759 0.576664 0.199319 -0.0108824 0.0895388 0.426604 -0.301679 -0.348135 -0.107643 -0.0928673 -0.109066 0.129646 0.264312 -0.481901 -0.37135 0.0289637 -0.172939 0.434639 -0.201244 -0.392442 0.43247 0.14763 0.342023 -0.013575 -0.154091 -0.210973 0.0935231 0.601014 -0.27653 0.0903546 0.0587446 0.257776 -0.363371 -0.345997 -0.130082 -0.0359107 -0.221876 -0.41473 -0.138834 0.326266 
-0.100674 0.419893 -0.0333187 -0.737459 -0.5289 -0.303138 0.0281523 0.250332 0.0586961 -0.316887 0.0144399 0.0982936 0.191416 0.241815 -0.104571 -0.0960355 0.69513 -0.0695804 -0.245396 0.0497814 -0.178402 -0.365333 -0.152669 -0.359393 0.19374 0.0607303 -0.486547 0.126444 0.263757 0.301202 0.403573 0.129338 -0.165516 0.251522 0.0921106 -0.203168 -0.145704 -0.923754 0.908434 -0.227464 0.0228659 -0.187235 -0.37165 -0.0407559 0.0406703 0.625599 -0.161425 -0.202193 0.0788036 -0.45246 -0.113444 -0.011979 0.10717 -0.382012 -0.121896 0.228248 -0.105606 0.00485962 -0.156651 -0.258919 -0.308849 0.119874 
-0.291926 -0.106297 -0.0323531 -0.721466 -0.180723 -0.455 0.08063 0.38255 -0.815047 0.17714 0.0481574 -0.260882 -0.338996 -0.58624 0.320785 -0.0985323 0.0549792 -0.0970453 -0.157185 0.10914 -0.0500072 0.0510196 -0.174673 0.650552 0.252883 0.0656413 -0.483642 -0.348465 -0.32372 -0.099714 -0.474329 0.103108 -0.0517364 0.33644 0.0710131 -0.0671624 -0.433496 -0.137934 0.352011 -0.0752834 -0.119378 0.182206 0.092663 -0.199076 0.103175 0.000686079 -0.196527 -0.455509 0.156901 0.249805 0.0011871 -0.269539 -0.130789 0.0235861 0.265063 0.336282 -0.209119 -0.0523322 -0.226313 -0.421005 0.079614 0.248529 
0.315287 0.400848 0.149488 0.0647593 0.0249298 -0.461599 -0.0316668 -0.242874 0.100065 -0.135431 -0.229916 -0.0700558 -0.536077 -0.375553 0.199198 -0.238828 0.432175 -0.181525 -0.175302 0.310628 -0.483007 0.160897 0.391252 0.176975 0.0362505 -0.362977 0.17886 0.111762 0.0470266 0.15668 -0.0285241 -0.905934 0.171166 0.60527 0.490684 0.197276 -0.360103 -0.486887 -0.354636 0.0666798 -0.591626 0.141143 -0.490561 -0.234238 0.154553 0.194523 -0.438764 -0.33513 -0.177658 0.292436 -0.168597 -0.496992 0.0807894 -0.0287028 0.308462 0.223166 -0.0435451 0.0643448 -0.339867 -0.551582 0.198907 -0.187238 
0 0 0 0 0 0 
