4
30 100 50 1 
0
0.01
-0.207239 -0.106512 -0.321412 -0.100596 0.0263284 -0.176875 0.0360213 0.0254799 -0.173271 0.146747 -0.0172738 -0.00367596 0.0278789 0.158806 0.0219204 0.149023 -0.0239044 0.0765956 0.124138 -0.202516 -0.22097 -0.127254 -0.161876 0.135347 0.150756 0.00565808 -0.146405 -0.210845 -0.070786 0.146765 
-0.00643623 -0.119911 0.0836142 -0.00628895 0.166285 -0.0270043 -0.0146458 -0.0860563 -0.0715507 -0.118303 -0.030038 -0.0874665 -0.00170631 -0.173149 -0.194167 -0.175994 -0.0218522 0.0827736 0.176413 -0.197471 -0.0506639 -0.0369737 0.197565 -0.0699454 -0.0382681 -0.145266 0.108366 -0.166248 -0.0837817 -0.0478977 
0.119823 0.148256 0.04646 -0.05231 -0.156824 -0.0936076 -0.0250073 -0.142917 -0.128828 -0.0769138 -0.150916 0.0830766 -0.0470469 0.212073 -0.11118 -0.0155076 0.168283 0.207642 0.0647894 0.00458512 0.123436 0.195358 -0.0824139 -0.20888 0.10632 -0.0359333 0.0724607 0.167324 0.197706 0.0970489 
-0.0638705 -0.139175 -0.160415 -0.204717 0.158803 -0.0774693 -0.0295077 -0.0494873 0.193351 -0.0872634 0.0485635 -0.0877352 -0.166673 -0.0450649 0.0486661 0.0272554 0.180931 0.110225 0.0443972 -0.0525248 -0.00514937 0.00492999 0.113612 -0.0936614 -0.0134689 -0.204942 0.0114114 -0.0733676 -0.17903 0.0550177 
0.176793 0.161597 -0.15145 0.00152377 0.165964 0.169469 -0.094902 0.0296756 -0.0183712 -0.038991 -0.1905 0.0219449 -0.0221737 -0.14865 -0.0365448 -0.111034 -0.132234 0.145515 -0.166423 0.122668 0.0709683 -0.162124 0.158886 0.0234119 -0.19569 0.048778 -0.0523542 0.0766239 -0.124858 -0.0984658 
-0.10226 0.054211 0.0491395 -0.106118 -0.0935344 -0.141603 0.0789237 0.174096 0.179265 -0.102068 0.147052 0.073399 -0.153335 -0.0210198 0.00132693 0.0342444 -0.12799 -0.181332 0.138382 0.0722407 0.0920953 -0.104139 0.0748975 -0.166922 -0.150539 -0.00154022 -0.0630653 -0.14104 0.129762 0.0678217 
-0.149764 -0.10989 -0.0461449 0.21027 -0.0249445 0.020093 -0.0605558 -0.184545 -0.0891422 0.198561 0.214282 -0.0314265 -0.152909 0.0222502 0.0347653 -0.0398873 0.145463 0.00516198 0.100373 0.0380568 -0.207552 -0.135876 -0.104221 -0.0851267 -0.0770824 -0.180168 -0.0873352 -0.0172087 -0.0665426 -0.211216 
0.0574079 0.089387 -0.131983 -0.0885045 0.102665 -0.184582 0.0163401 0.136949 0.0799652 0.0962682 -0.0820638 0.124039 -0.13135 0.106006 0.161035 -0.019921 -0.191802 -0.0173252 -0.179924 -0.062118 0.039766 -0.112004 0.187811 -0.175352 0.10045 -0.00602058 -0.141695 0.112362 0.0813204 0.182776 
-0.0729734 0.0565847 -0.0179876 -0.0792676 0.0701692 -0.0038647 -0.137087 0.0299425 0.0376567 -0.153154 0.204232 -0.197781 0.0527195 -0.105216 0.0442572 -0.0960098 0.044967 -0.154469 0.0176405 -0.129689 0.0698705 0.173988 0.164572 -0.124044 -0.194061 -0.194976 0.124638 0.0268659 0.0633486 0.0691471 
0.209374 -0.000781377 0.11087 -0.0750532 -0.102521 0.0859318 -0.051669 -0.122978 -0.190038 0.0587577 0.0888464 -0.17798 -0.0744554 0.0199766 -0.197199 0.0853374 -0.09634 -0.157274 -0.014881 0.12248 -0.162366 0.0553074 0.108498 -0.0180336 0.107366 -0.155733 0.0139187 -0.135962 -0.0992601 -0.11737 
-0.194322 -0.010095 -0.176392 -0.0202191 0.0793041 -0.171734 -0.0389449 -0.0817928 0.00551442 0.09778 0.00502874 -0.198976 -0.000349741 -0.208926 -0.0730715 0.0313076 -0.0991238 -0.179998 0.201873 0.0931422 -0.00798225 -0.204774 0.0174157 -0.12451 -0.173631 0.154908 -0.0680354 -0.150375 -0.0392006 -0.100264 
0.0510271 0.0772601 -0.115571 -0.131267 0.0845737 0.110635 0.0557964 0.0594298 0.0853609 0.175324 0.0971724 -0.197489 0.128696 -0.107337 0.20946 -0.214749 -0.168476 -0.0254329 -0.142295 -0.12531 0.17359 -0.162717 0.0778057 0.183232 -0.0901869 0.205048 -0.207917 -0.180698 -0.133339 0.0389002 
0.122671 -0.130222 0.108274 -0.149346 0.0931154 0.154793 0.0400349 0.0221252 -0.0789098 0.175123 0.148856 -0.150471 0.0640197 -0.120788 -0.0617888 -0.111632 -0.0713126 0.0172302 -0.0136148 -0.175768 0.153024 -0.0867626 -0.0299473 0.00334433 0.0381405 -0.0205769 0.149969 -0.103001 -0.0421415 0.143088 
-0.104209 -0.177462 0.18414 -0.173162 -0.0154117 0.0256399 0.0822764 -0.211779 0.0057825 0.0934182 -0.202107 0.0565902 0.0510417 0.0503609 0.138216 -0.111458 -0.125032 -0.0747107 0.192752 -0.126095 0.102159 0.191911 0.160694 0.0191591 -0.0468218 -0.0385074 -0.181756 -0.18596 0.139012 0.086355 
-0.00340527 0.0311188 -0.108805 0.0422722 -0.17055 -0.0401262 -0.171987 0.179733 -0.203933 -0.186788 -0.069993 -0.125123 0.192837 -0.0281707 -0.153437 0.154477 -0.117532 0.183014 -0.184569 0.0770517 -0.208444 -0.0845784 -0.153442 -0.0195713 0.17035 -0.0679347 -0.00557761 -0.115281 -0.0361574 0.0318637 
0.125225 0.0417822 -0.133302 0.0133756 0.123384 -0.175504 0.0314222 -0.181341 0.161811 0.071768 0.126735 -0.0271011 -0.178778 -0.0765903 0.0305979 0.0928031 0.0319323 0.168925 0.129002 -0.0198938 -0.120017 0.100052 0.155544 -0.107836 0.126946 -0.193246 -0.106102 -0.114148 0.136841 -0.0960054 
0.0618012 -0.0989608 -0.17055 0.198319 0.190511 0.146448 -0.050278 -0.0888171 -0.0414251 0.0868265 -0.100259 -0.00208893 0.0112088 -0.0338104 -0.125424 -0.0672149 -0.0617844 0.149884 -0.157562 0.1748 -0.137 -0.0427267 -0.0831315 0.124429 -0.00933819 0.110007 -0.0951279 -0.177446 0.0790244 -0.164606 
-0.165103 -0.125886 -0.0815192 -0.146011 0.104047 -0.146551 -0.0487929 -0.015519 -0.165441 0.0446089 0.115137 -0.0904309 -0.177739 0.222484 0.129959 0.0914676 0.168556 0.0928386 0.088256 -0.133899 -0.220166 0.163644 -0.0120326 0.175962 -0.08896 -0.146715 0.168558 -0.106614 -0.138851 -0.0370728 
0.116666 -0.0541102 0.0373551 -0.18363 0.130007 -0.150469 -0.0701019 -0.188402 -0.0128226 0.129872 0.140671 0.0446614 0.145205 -0.0742648 -0.161285 -0.0155286 0.166401 -0.0490806 0.0845626 -0.211549 0.188619 0.124412 -0.080417 -0.130742 -0.179836 -0.176496 -0.0867857 -0.0242286 -0.187609 -0.0181899 
0.205711 0.052083 0.123452 0.0450585 0.0422977 -0.0340731 0.0109366 0.0556059 0.131701 -0.0469725 0.0403688 -0.0635531 0.147099 -0.203671 -0.0760231 0.191385 -0.171301 -0.206284 -0.146892 -0.0526584 0.203855 0.0780459 0.103544 0.0416564 0.134057 -0.178235 -0.0970168 0.165032 -0.210266 0.0247823 
0.0325473 0.139048 0.197894 -0.00895879 -0.0220692 0.183733 -0.0527878 0.0636585 -0.0147186 0.123315 0.125225 -0.0147434 -0.081305 0.203036 0.168228 -0.118233 -0.00761356 0.0821625 0.0369456 -0.152331 0.149607 -0.124418 0.0646629 -0.127932 0.156099 -0.199972 -0.104367 -0.182332 -0.18473 -0.150153 
0.0541367 0.189429 -0.0162993 0.0955408 -0.121843 -0.0441193 -0.118647 -0.172131 0.184871 0.145301 0.117935 -0.132803 0.202023 -0.00977199 0.0608236 -0.17507 -0.158744 0.0510239 -0.0613916 0.114273 0.0503341 -0.140946 0.0310581 0.196459 -0.109034 0.0998219 -0.145397 -0.204237 -0.190811 0.121894 
-0.145868 0.154933 0.0560548 0.0751335 0.105368 0.0848721 -0.00957777 0.198759 -0.194486 -0.0143577 -0.143919 0.154086 -0.066435 0.186763 0.150683 -0.124681 -0.148556 -0.0362615 -0.196875 0.134403 0.128491 0.0322882 -0.0449606 -0.106218 0.113392 -0.015737 0.148869 0.112276 0.203193 0.0741547 
-0.0917465 0.175182 -0.160651 0.195097 -0.1101 -0.0338826 0.0880379 -0.196786 0.0668431 -0.209134 0.05342 -0.0459344 0.0766876 0.13667 -0.12819 0.0670183 0.0528645 0.168512 -0.0402104 0.0257916 -0.0466258 -0.0546731 0.0178858 0.048237 -0.16401 -0.119422 0.0686722 0.00674774 0.0647733 -0.0745571 
-0.0480496 0.00768306 -0.201721 -0.00843538 -0.0303439 0.0940903 -0.126415 -0.182298 0.0452719 0.143411 0.110111 -0.00481978 -0.102876 0.124979 0.182433 0.113788 0.17712 0.0984396 -0.166427 -0.183335 -0.0521852 0.196006 0.0612394 0.176037 0.203678 0.020844 0.180407 -0.00316035 -0.0793983 -0.118009 
0.163316 -0.0468747 0.12083 -0.190281 -0.0449866 -0.0263764 0.1061 0.174845 -0.0999654 0.0878065 0.140313 0.0729785 0.0592441 -0.0880015 0.154906 -0.10675 0.0306524 0.163739 -0.184051 0.203552 -0.0384456 0.00937645 -0.136059 -0.124302 0.0603386 -0.0752298 0.116199 0.111382 0.0184718 0.106005 
-0.00685962 0.140824 -0.0197796 0.0992339 0.158076 0.0986778 -0.143134 -0.114786 -0.113664 -0.145208 -0.11911 -0.0437375 0.184317 -0.0429048 -0.194209 -0.0969145 0.109606 0.104336 -0.196382 0.204388 -0.0932902 -0.196384 0.00522807 0.112235 -0.00605214 0.0168021 0.155538 0.0945223 0.0387984 -0.0683946 
0.0667673 -0.0160142 -0.205649 0.109752 -0.182215 -0.0963095 0.0135593 -0.0927636 0.0818823 -0.0346872 -0.0122288 -0.0364349 -0.0673224 0.0916745 0.165185 -0.182211 -0.0254468 0.209928 0.0218899 -0.0740319 0.212446 -0.162579 -0.0648907 -0.0952154 -0.0675999 -0.137313 0.102092 0.0884675 0.0701338 0.0582484 
-0.00988501 0.0635806 -0.0995984 0.166185 0.115545 0.158468 -0.19134 -0.196161 -0.00283183 0.128513 -0.187858 0.00564074 0.202244 0.0178487 0.0814613 0.133517 -0.172966 0.037484 0.0382744 -0.112823 -0.0833957 -0.199497 0.137504 -0.0301761 0.0124877 0.148858 -0.152415 0.162756 -0.170439 -0.0242292 
0.178321 -0.107815 -0.102099 0.128411 -0.0986225 0.0187217 -0.00750294 -0.0935709 -0.0459934 0.0530515 -0.0389357 -0.00997506 -0.0926569 0.188918 0.184195 0.0736536 0.138501 0.144526 -0.167995 -0.150332 -0.100774 0.175948 -0.156889 -0.113443 -0.0561398 -0.132668 -0.155352 -0.20453 0.174471 -0.0183213 
0.185506 0.122574 -0.0846241 0.0378441 -0.00626891 -0.117562 -0.0999023 0.090335 -0.118566 0.00829736 0.0715034 -0.0929934 -0.0205183 0.153084 0.201915 -0.164749 -0.10947 0.0485593 -0.108781 0.151447 0.155225 0.00290575 0.0948096 0.102643 0.0681263 -0.0609893 -0.210891 -0.10288 0.116453 0.000548172 
0.0640695 -0.0503485 -0.183896 0.0438049 -0.181446 0.168787 -0.0785843 -0.0426646 0.192754 -0.211731 -0.177866 0.172969 -0.0454323 -0.156675 -0.0955957 -0.147615 0.020501 0.188803 0.0250626 0.169026 -0.210596 -0.0399184 0.0076254 0.0408471 -0.156303 0.0227099 0.099186 0.0482228 -0.17117 0.0856523 
0.134069 -0.0521107 0.163156 -0.168751 0.0339483 0.104673 -0.158561 0.179601 -0.0608845 0.0326883 -0.111246 -0.146414 -0.160436 0.0668627 -0.11549 0.0182433 -0.0335475 0.123261 -0.143166 0.0512343 -0.137188 0.0465145 0.135955 -0.201818 -0.156236 -0.164014 0.0250752 -0.156632 -0.13207 -0.107935 
0.117589 -0.123035 0.0199715 -0.0723248 -0.121701 0.0964148 0.142328 0.135139 0.0927633 0.125042 0.147481 0.158085 -0.0536558 -0.120883 -0.145551 -0.10488 -0.0482618 0.145968 -0.0124867 0.166505 0.0269358 -0.115607 -0.0291619 -0.040608 -0.100651 -0.0221987 -0.0450214 -0.0479689 0.142863 -0.0168248 
-0.206431 0.120563 0.147721 0.0283798 0.0432145 0.139813 -0.192328 0.0560044 -0.119142 -0.0752198 0.0102173 -0.0982946 0.181049 -0.178701 0.0509846 0.0823326 -0.010497 -0.0191322 0.0423522 -0.146545 0.0585579 0.151649 0.128347 -0.142397 0.0858214 -0.0303623 0.011151 0.123694 -0.0120262 -0.167663 
-0.118613 -0.192065 -0.172152 0.120912 0.206478 0.156496 -0.0880458 0.134394 -0.0728769 -0.0836733 -0.0839833 0.144898 0.0950705 0.190725 -0.0761832 0.0908538 0.11735 0.123427 -0.173361 -0.0937122 0.0391926 -0.0605266 0.00250148 0.159794 -0.0903545 0.153255 0.15368 -0.0709613 -0.153174 0.0972829 
0.0280575 0.162132 0.0481881 -0.0989797 -0.0625255 -0.16936 -0.0783244 0.0868091 0.000935956 0.071067 0.0150285 -0.125522 0.212828 0.163896 0.208072 0.0577235 -0.0158878 0.147968 0.0176946 0.0408182 0.0179631 0.0499728 0.00432465 -0.155222 -0.0150032 -0.0233604 -0.17032 0.152009 -0.0134744 0.0760623 
0.200059 0.0647489 -0.078307 0.0379302 -0.0735855 -0.202903 -0.0842913 0.0192625 0.174689 0.122678 -0.203223 0.0429286 0.174172 -0.0180419 0.144112 -0.153589 0.16656 0.0137797 0.021476 0.064467 -0.0779671 -0.214249 0.109371 0.00436944 -0.0491922 0.0274553 0.2113 0.122355 0.132886 0.0420011 
-0.170891 -0.198164 0.0353193 0.190885 0.214648 -0.0697161 -0.121313 0.022577 -0.198716 0.205448 -0.0492563 0.143625 0.0329387 -0.0274405 -0.0186387 -0.00898984 0.0126784 0.0120333 -0.0534792 -0.194921 -0.0792078 0.201501 0.0356008 0.198361 0.0551526 -0.159519 -0.120565 0.190508 0.172797 0.0170062 
0.171212 -0.110262 0.04721 0.165196 -0.0337398 -0.147389 0.189842 0.0698912 0.00712778 0.179292 -0.0375424 -0.191135 0.143654 0.208773 0.0374176 -0.151764 0.199485 0.211087 -0.138187 -0.122111 -0.206669 -0.201633 0.139855 0.174298 0.0377074 -0.136169 0.149044 0.180374 0.100891 -0.112932 
0.169951 0.000250324 -0.0449585 -0.160768 -0.104451 0.13333 -0.188749 -0.00226548 -0.0884952 -0.0631588 0.213755 -0.0106158 0.113566 -0.153429 -0.0436796 0.0299956 -0.0148203 -0.0687971 0.0928744 0.0578456 0.0466268 -0.079747 -0.193516 -0.0394876 -0.19013 -0.198666 -0.04111 0.0088569 -0.0485565 -0.21022 
0.0944585 -0.0616884 -0.114864 -0.242676 -0.0609636 -0.00949914 0.176387 -0.114929 0.0728613 -0.0644098 0.00602669 0.168787 0.0399808 -0.156266 -0.0807375 0.161123 -0.031964 0.0600102 -0.171213 0.0358096 0.0767433 -0.230042 -0.334964 0.21921 0.0338726 -0.173936 -0.131434 0.129808 0.0518298 -0.0795472 
0.224569 -0.119612 0.281107 0.0860612 -0.174191 -0.0369961 0.119377 0.117008 -0.19777 -0.0612337 0.0537333 -0.00476704 0.187014 -0.0650855 0.159721 0.108275 0.13157 0.0832731 0.159497 -0.207469 0.166072 -0.0332652 0.251733 -0.253929 -0.138794 -0.0804987 0.125885 0.015483 0.0391512 0.0348101 
-0.126139 -0.0782755 0.0766187 0.0733078 -0.066237 0.0473208 -0.193088 0.0647297 -0.190707 0.13069 0.0358572 -0.204353 -0.0700999 0.132953 -0.186747 0.157953 -0.0240256 0.105189 0.065697 -0.172953 -0.126206 0.0701505 -0.197352 -0.118057 -0.0030048 0.055953 -0.148159 0.0127173 0.0872822 -0.138698 
-0.0455445 0.0453623 0.170794 0.18358 -0.0536163 -0.0073009 -0.188262 0.105205 -0.021014 0.194742 -0.14959 -0.202322 -0.13107 0.110024 -0.197082 0.0681921 0.0758733 0.0528813 -0.00628429 -0.184026 0.230762 0.197125 0.151896 -0.226704 0.021194 0.0805477 0.177595 0.15532 -0.208982 0.12506 
0.0904884 -0.10416 -0.0631416 0.054277 -0.00959971 0.0763917 -0.0852137 -0.0635148 0.172079 -0.0686965 -0.135946 0.124226 0.194173 0.0504812 0.0960352 0.0526111 0.178869 0.200402 -0.0141205 0.0649614 0.160045 -0.145558 -0.164586 0.204054 -0.0291593 0.15625 0.113046 0.0975924 -0.133119 0.116416 
0.122926 -0.12899 0.240503 -0.195033 0.0386112 0.0316205 -0.186723 0.0805371 0.0624539 -0.108743 -0.0650657 0.184667 0.152856 -0.161637 0.154363 0.0607104 0.0764765 -0.0330493 0.0301735 -0.0891256 0.183838 0.112315 -0.0248628 0.15115 -0.0351098 0.15818 -0.127961 -0.0154464 0.0524859 -0.210989 
-0.0462415 0.0476237 0.279241 0.210945 -0.180524 0.209485 0.0269035 -0.112576 -0.0585364 -0.145765 0.14808 -0.0423348 0.010818 -0.103424 -0.0744299 -0.180804 -0.169157 -0.104481 0.172771 -0.103889 -0.0715474 0.074961 0.20493 -0.19621 -0.214407 -0.0554659 -0.156529 -0.0503634 0.147195 0.21228 
-0.185543 0.134495 -0.162824 0.202544 -0.18757 0.0296941 0.127534 -0.14123 -0.136948 -0.212586 0.104724 0.0092673 0.177925 0.0545319 0.142473 0.0521246 0.0728713 -0.00155089 -0.1344 -0.0345737 0.0556674 -0.0451839 0.182274 0.152794 0.161859 0.136572 0.199637 0.14556 -0.0536389 0.0772871 
-0.199108 0.0658995 -0.015685 0.0661675 0.196185 -0.0792656 0.0674346 0.207721 -0.175134 -0.0662831 0.117169 0.14714 0.155775 0.0974043 -0.137454 -0.148603 -0.0231851 -0.169525 0.144196 -0.140916 -0.16214 -0.107127 0.177865 -0.165062 -0.074803 0.0761298 -0.174452 -0.142398 0.18824 0.0242816 
0.00692986 -0.0915233 -0.137022 0.117143 -0.101288 -0.10456 -0.0670865 -0.0223447 0.119604 -0.134368 -0.0960779 -0.0497374 -0.129071 0.0979398 0.0537831 -0.0289319 0.0573948 0.139244 0.187041 0.0667956 0.199913 0.00422656 -0.211488 0.0993278 0.160081 -0.127803 -0.0719266 0.0182073 0.119038 -0.184915 
-0.113614 0.127048 -0.0486043 -0.139258 0.175671 -0.0381808 0.0983281 0.214448 0.0603881 0.137078 0.0445194 0.15907 0.182765 0.174593 0.172997 -0.136546 -0.204627 0.0935702 -0.160085 0.0249596 -0.199986 -0.116053 -0.0461225 0.00830359 0.132327 -0.168335 -0.0208328 -0.0516276 0.0647062 -0.187606 
0.0647997 0.0778495 0.196927 0.0492627 -0.200232 -0.143658 0.0107825 0.140994 0.100046 -0.157416 -0.171119 -0.171022 -0.050861 0.0174616 0.0498575 0.0766034 0.108884 -0.0713691 -0.102239 -0.152856 -0.0726282 -0.045773 0.185638 0.0966903 -0.164577 0.137418 0.0603218 0.105767 -0.140148 0.129204 
-0.0345751 -0.0753057 -0.123912 0.0033543 -0.0199625 0.168925 0.138562 0.0880637 0.189644 0.0597584 0.0702229 0.137506 -0.092337 0.101117 0.0455774 0.0740006 0.0745593 -0.126531 -0.104005 0.0602448 0.212394 0.206389 0.172915 -0.171458 0.15701 0.160317 -0.206523 0.136824 0.0148124 -0.0562856 
0.0103363 0.131758 0.189487 0.107316 -0.00770613 0.208949 0.0180314 0.165483 -0.179635 -0.00517335 -0.129184 0.0317411 -0.117037 0.0383215 -0.204313 0.0759297 0.106809 -0.0669961 -0.176795 -0.172381 -0.214254 -0.00783598 0.21193 0.0587989 -0.0601713 -0.0145142 -0.00773484 -0.123569 -0.0828507 0.202053 
0.0991341 0.197975 -0.0887601 0.144377 -0.0843325 0.120913 0.0110809 0.118799 0.0694558 -0.0658388 -0.159333 -0.0785975 0.206614 -0.21197 0.00240678 0.101788 0.172614 0.019665 0.148613 -0.183978 0.0302053 0.162437 -0.0299952 0.0713336 -0.148252 0.147958 -0.2145 -0.185819 0.121844 0.159091 
0.0734947 0.0208767 0.170087 -0.107775 0.206144 -0.186245 -0.085017 0.199382 -0.0929717 -0.178889 0.168172 -0.178729 -0.20796 0.0639234 0.161751 0.0300356 0.0127578 0.155802 -0.210841 0.197908 -0.0316911 -0.181369 0.183218 -0.0980331 -0.0110005 -0.184332 -0.0368956 0.143086 -0.011211 0.144735 
-0.216041 -0.173025 -0.212867 -0.175962 -0.0413534 0.136604 -0.152898 -0.0713579 -0.0825524 0.0105265 -0.0996136 0.00091284 0.162567 -0.0465418 -0.0529599 0.0458696 -0.0251735 -0.122187 0.00437131 -0.213504 -0.219297 0.082649 -0.174811 0.188418 0.0461653 -0.128905 -0.0407702 -0.177225 -0.0945066 -0.110005 
-0.14289 -0.129952 0.0383131 0.0872106 -0.206697 0.134161 0.204805 0.170678 0.173913 -0.121434 0.197791 0.0622386 -0.0977511 -0.102976 -0.172069 0.0116267 -0.12379 0.19056 0.163869 0.015811 -0.0144981 0.101375 0.114872 0.133377 0.0293318 0.102404 0.0541172 0.110011 0.168418 -0.200021 
0.161464 0.0518906 -0.107199 0.0496243 0.0475117 0.100351 -0.0682241 0.0134951 -0.0954718 0.0152602 -0.0984326 0.0999269 -0.132745 0.0666862 0.202194 -0.131475 -0.019209 -0.153502 0.134694 -0.190117 0.168646 0.0526902 -0.161965 0.130088 -0.0531751 0.115033 0.173592 0.0323895 0.188373 0.0998322 
0.077762 0.272205 0.160731 0.269133 0.117313 -0.0981605 -0.110828 -0.0761333 -0.046722 -0.181459 0.0205888 -0.0853103 0.0952758 -0.126661 -0.018935 0.166448 -0.139981 0.0481299 -0.154223 0.0831795 0.0716362 -0.136714 0.00716829 -0.224876 0.0711881 -0.0627942 -0.204373 0.190699 -0.0189993 0.122132 
0.192368 0.12827 0.161569 0.040157 -0.170641 -0.158985 -0.208342 -0.0775828 0.170611 0.11868 0.143369 0.168513 -0.131501 0.019171 0.0613329 0.212924 0.181732 0.179153 -0.128449 -0.0914548 0.0166794 -0.200829 -0.191017 0.150162 0.0993441 0.0112512 -0.0917013 -0.119203 -0.0410016 0.014236 
-0.0752677 0.0999684 0.204841 -0.0408679 0.1071 -0.185849 -0.0144979 0.165901 0.131528 -0.163454 -0.102828 0.126178 -0.0256603 -0.176717 0.147535 0.104294 -0.0487119 0.00825876 -0.0224486 0.178816 -0.0350709 0.056088 -0.179244 0.0563834 0.184969 0.155936 -0.0656082 -0.148574 0.100858 0.160733 
-0.0591477 0.173565 0.175241 0.051268 -0.0643557 -0.192906 -0.0525097 -0.190266 -0.162665 -0.207788 0.0849763 -0.0706977 0.0722381 0.196543 0.13931 -0.0440465 -0.144336 -0.167507 -0.0886121 0.170347 0.119308 -0.0588077 0.111832 -0.185108 -0.168293 0.120167 0.150245 -0.162498 0.0271498 0.103905 
-0.0397134 0.212412 0.137435 -0.0851601 -0.151854 -0.150793 0.0864473 -0.139185 -0.103066 -0.084826 -0.0810152 -0.15193 -0.0539998 -0.0268823 -0.0247964 0.0715142 -0.0761204 0.202914 0.0447707 0.138384 -0.116752 -0.170431 0.150355 -0.0702796 0.14689 -0.144339 -0.191319 -0.0809251 0.0864095 -0.121625 
-0.0471713 -0.140222 -0.0311155 -0.124999 0.157196 0.166857 0.0373466 -0.184805 -0.188471 -0.0668612 -0.160443 -0.147822 -0.00301333 0.0664181 0.0706692 -0.00103828 0.00612042 0.111013 0.160905 -0.101686 0.140131 -0.209148 -0.0488773 0.180987 0.212165 0.142155 0.0424371 -0.147867 0.0915624 -0.103177 
0.168143 -0.174611 -0.16953 -0.145043 0.0879182 0.119323 0.0653671 -0.0420969 -0.202673 0.114444 -0.205413 -0.0932308 -0.213977 -0.159338 0.0865955 0.143819 0.0953137 -0.0433302 -0.0658536 -0.00882619 0.0906208 0.188226 -0.192101 -0.081346 0.0782082 -0.126649 0.110847 -0.203327 0.150931 0.1438 
-0.109756 0.010882 -0.12016 -0.107639 0.138433 0.17537 0.0343767 -0.116637 -0.212009 0.199607 0.0669393 -0.0062337 0.0507449 -0.13571 0.165321 -0.0732482 -0.0812877 0.0633218 -0.087562 0.0843246 0.0684277 0.0301867 0.21107 0.00878367 -0.16206 0.115897 -0.166896 -0.198016 0.0966339 -0.0479696 
-0.0488683 -0.0440893 -0.0113176 -0.134068 -0.0296714 0.0698676 0.129554 -0.156015 0.0652769 0.0671575 0.151482 0.0471244 -0.0435717 0.0499074 0.214754 0.209125 0.187429 -0.19637 0.0533116 -0.0362197 0.10798 0.0521759 -0.105614 -0.177512 -0.157521 -0.0537436 0.117304 0.0271207 0.00783636 -0.0306676 
0.129736 0.182468 0.0725192 0.0565688 -0.0399055 -0.0257064 -0.159389 -0.129982 0.0425455 -0.178416 -0.0824287 0.0173841 -0.205772 -0.0421655 -0.0179239 -0.0198692 0.120692 -0.102271 0.169838 0.0872451 -0.0115426 0.149657 -0.0103617 -0.110404 0.0443855 0.161869 -0.0731213 0.167689 0.101565 -0.11316 
-0.0843259 0.133653 -0.123848 0.19777 0.209212 -0.169195 0.0612688 -0.188531 0.17261 0.0032076 -0.10478 0.101917 0.187229 0.00586906 -0.0561521 -0.204929 -0.171001 -0.0413765 0.185943 0.00331792 0.0174454 -0.103186 -0.180713 -0.0951141 0.196432 0.0166095 0.169867 0.0277499 -0.114163 0.213681 
-0.124765 0.136811 0.18325 -0.131588 0.0670908 0.173496 0.149957 0.0704444 0.0954704 0.182544 0.0158044 0.00685676 -0.0883678 0.003599 -0.0878757 0.193698 -0.160184 -0.0513102 0.0711032 -0.120694 0.0815545 0.185656 -0.0173572 0.196067 0.0342542 0.13664 -0.174995 0.128888 0.0807754 0.0751155 
-0.0839104 -0.0446081 -0.0322027 -0.158531 0.0202317 -0.0283868 0.0330389 0.012275 0.0320719 -0.0490091 -0.196337 0.0937382 -0.110563 -0.207584 -0.033785 0.128989 -0.110015 -0.174175 -0.0391073 0.127467 0.0176508 0.0763615 0.207434 -0.00796222 0.111179 0.0168302 0.0952525 0.106893 -0.202957 0.111058 
-0.131227 -0.0946511 -0.100448 -0.0746489 0.090294 0.0280694 -0.166032 0.0861674 -0.175338 0.0453401 0.163042 0.0168504 -0.0509211 -0.0225375 0.0658518 -0.100173 -0.0498174 -0.102137 -0.0772722 0.169094 -0.0586631 0.12343 -0.10455 -0.00552641 0.0397134 0.200672 0.209097 0.101875 0.00500477 0.178735 
-0.0737614 -0.0523979 0.0146753 0.16622 0.123713 0.163986 -0.079356 -0.114492 -0.166328 -0.168545 0.0273616 -0.113306 0.0125515 0.104162 -0.018382 0.166199 -0.168547 -0.0259299 0.179681 0.202341 -0.0308431 -0.0801462 0.0154676 -0.0081142 0.157802 -0.0826047 0.0274798 -0.0764699 0.00237527 0.0598385 
0.210171 0.13468 -0.151813 0.100351 0.024604 -0.032912 0.000163165 -0.00451693 0.184358 -0.0831568 -0.0602003 0.0418712 -0.0212992 -0.207785 0.16243 0.0224685 0.0229729 0.033436 -0.186656 -0.126627 -0.0585717 -0.0589847 -0.000858467 0.179625 0.0377534 0.19918 0.0187431 0.184504 -0.0930177 -0.0583298 
0.133005 -0.0526622 0.100684 -0.0139876 0.144742 -0.197688 0.185535 0.0483328 -0.100354 -0.183496 0.140956 0.0253752 -0.177022 -0.0953572 0.174473 -0.0451753 -0.146203 -0.14744 0.0957515 0.0634373 -0.197093 0.210325 0.00126394 0.0641429 -0.0141792 0.0933507 -0.11478 -0.134194 0.194417 -0.0543648 
0.16186 -0.0843029 0.167724 -0.183344 -0.0888687 -0.201149 0.190295 0.19081 -0.131941 0.188979 0.00918446 -0.0750696 -0.0784155 0.0477361 -0.0494281 0.122491 -0.0109868 0.00824926 0.18889 -0.121456 -0.194426 -0.209685 0.0317952 0.183096 -0.173781 0.145394 -0.147705 -0.13553 -0.158038 0.149135 
-0.125825 -0.112354 0.179703 -0.0255276 0.00605684 0.099442 0.0373426 0.111304 -0.0351398 -0.126806 0.155597 -0.034358 0.0707371 0.117887 0.180176 -0.127811 0.187293 0.185431 -0.00933946 0.014662 0.128036 0.124449 -0.0543523 0.0940935 -0.147629 0.186162 -0.0257591 -0.0383687 -0.160358 -0.0372687 
-0.139933 0.150625 0.0266943 0.179668 -0.196354 0.0717396 0.186235 -0.168012 0.18416 0.0123062 0.0446012 -0.16483 0.168133 -0.0954528 0.140584 -0.0674863 0.16777 0.181087 0.0351496 -0.0953016 -0.081083 0.0550495 0.153719 -0.050791 -0.181578 -0.180898 0.107458 0.0250055 0.0887519 0.0986893 
-0.146352 0.140021 -0.170422 -0.0372261 -0.145579 -0.200922 0.207306 -0.178019 -0.0274727 0.0106314 -0.128171 -0.142418 -0.0916663 -0.0289886 0.117076 -0.0383662 0.0730091 -0.0371885 0.0872364 -0.147239 0.148326 0.16924 -0.166596 -0.209715 0.0619616 0.0867718 -0.151245 0.0513601 -0.13507 -0.203584 
-0.0399992 -0.182705 -0.105975 0.116195 0.0552811 -0.106736 0.0323342 -0.0112021 -0.0380457 0.129647 -0.015044 -0.13712 0.0697026 -0.0315268 0.135996 0.0623058 -0.183122 0.185945 0.145642 0.124188 -0.10181 -0.17324 -0.0368222 0.174912 -0.129918 -0.192236 0.0820481 0.0845684 0.155772 0.207563 
0.132226 -0.00955749 -0.0657034 -0.0524428 0.159514 0.0254942 0.157445 0.181132 -0.206774 -0.0566421 0.155644 -0.189043 0.181696 -0.0705483 0.165694 -0.178687 -0.206008 0.154703 0.0391393 0.138123 -0.193525 -0.123914 0.146853 0.00505619 0.0558518 -0.0549583 -0.118724 0.0640235 -0.145228 -0.163216 
0.114624 0.0042593 -0.186933 0.0535716 -0.0300079 0.0894873 -0.0523602 -0.196214 0.0517032 -0.198643 0.0766641 -0.143961 0.105797 0.0894564 -0.0853677 -0.167712 -0.192202 -0.157636 0.15362 -0.0798344 -0.182737 -0.110379 -0.111051 -0.183391 -0.0488101 -0.00295411 0.080662 -0.0712208 0.148055 0.0655996 
-0.0852558 -0.0561769 -0.0777296 0.116078 0.100513 -0.0780414 -0.000976832 0.0807872 -0.0123295 0.164805 0.137757 0.101743 0.126651 -0.157301 -0.0945797 0.174826 -0.0475732 0.204503 -0.143422 -0.0425568 0.028255 0.0977833 0.0531941 0.118933 0.124279 0.202241 0.0535459 -0.118639 0.12639 -0.0912491 
-0.16167 -0.0710525 0.202562 -0.154581 0.125978 0.0898947 -0.184916 0.00827705 0.1489 -0.198578 -0.0415516 0.126644 0.200588 0.0101421 0.207087 0.0330982 -0.191591 -0.0527846 0.146244 0.0252887 -0.0780327 -0.208027 0.11201 0.188077 0.0384162 0.0420188 -0.085277 0.080575 -0.133565 -0.0149014 
-0.0595707 0.156843 0.113001 -0.0349617 -0.04643 0.00110978 -0.161737 -0.118624 0.106574 0.0271206 0.10722 -0.170776 0.129682 0.187092 0.0951422 -0.155428 0.0881799 0.158574 -0.0248841 0.0127806 0.209926 0.00697802 -0.142102 0.207764 -0.1606 -0.00930688 0.153967 0.15996 0.121774 0.180095 
-0.155941 -0.0450112 -0.209778 0.0489435 0.0344022 -0.0357944 -0.192203 0.0343925 0.14561 -0.156578 -0.0111539 -0.0426024 -0.182645 -0.119963 0.161069 0.0350499 -0.0032955 -0.134242 0.137524 -0.0715293 -0.0608641 -0.137779 0.0179206 -0.0492909 0.0837943 -0.117974 0.0251635 -0.0610876 0.0487999 -0.206491 
0.205818 -0.154811 0.207874 0.141572 0.0328365 0.171322 -0.0440237 -0.0370595 0.0749745 -0.0207264 0.143819 0.162477 -0.209091 -0.048334 0.180324 0.174361 -0.134121 -0.134826 0.0211041 0.129895 -0.0162451 -0.126801 -0.0967263 0.0863966 0.156319 0.158838 0.183434 -0.0407261 0.0175523 0.0278081 
-0.00375535 0.0927059 -0.0792836 -0.093672 -0.16215 0.0751311 0.0537854 0.0775536 -0.0562673 0.117735 0.179158 -0.0702965 -0.206526 0.135789 0.205149 -0.185058 0.0559203 -0.0896861 -0.154285 -0.12621 -0.168305 -0.0887434 0.0984292 -0.0183197 -0.0632221 0.151347 0.203434 -0.133887 -0.0889133 0.0769212 
0.105393 0.00414058 0.0520566 -0.051618 -0.156748 -0.192175 0.103711 -0.169454 -0.174812 -0.0489481 0.0262453 -0.0726257 -0.211064 -0.035892 0.0970693 -0.147787 -0.0787036 -0.153919 -0.0976543 0.133531 -0.140712 -0.131555 0.0680259 0.00769536 -0.0496702 -0.146708 -0.102232 0.00383022 0.0722763 -0.120252 
-0.0494439 -0.0744164 0.0392643 -0.118149 -0.110037 -0.0340107 -0.116115 -0.0918041 0.0285402 -0.129191 -0.123291 -0.147432 -0.196682 0.0481725 0.141875 0.0270969 0.0720113 -0.135948 -0.148383 0.0971343 0.186455 -0.111225 0.0400698 0.0126879 0.0592593 0.186054 -0.129164 -0.169363 0.013736 0.188404 
0.202903 -0.0728237 0.124964 0.200385 -0.0840004 -0.0660596 0.111413 -0.123641 0.0313638 -0.00713115 -0.147559 -0.0186077 0.0343097 0.193948 -0.10778 0.154164 -0.155795 0.127183 -0.209494 0.078423 -0.0273258 0.12587 0.0447467 0.0153291 0.144071 -0.170982 0.100638 -0.124703 -0.0660332 -0.194789 
-0.2302 0.0241936 -0.296796 -0.108439 0.108798 0.186595 -0.139186 0.149829 0.199343 -0.0562803 0.169793 0.0200906 0.114353 0.0659966 0.00935953 0.165854 0.0367349 0.108843 0.0849412 0.166659 0.131679 0.0767812 -0.24895 0.15382 -0.0695413 -0.156497 0.130866 0.0291873 0.0785423 -0.133217 
0.0510144 0.0233598 -0.074168 -0.122562 0.106701 -0.209261 0.169182 0.185128 -0.0388701 0.202249 -0.141362 -0.0457652 0.199919 0.117346 -0.185693 0.137597 -0.00419812 -0.0668935 -0.0920806 0.108604 0.124785 -0.111586 0.00827031 0.167696 0.0585813 -0.0308587 -0.0655545 -0.0677106 0.152051 -0.161806 
-0.14229 -0.100908 0.110792 -0.133866 -0.00478625 0.144107 -0.0939508 -0.0743586 0.12851 -0.0368413 0.00145895 0.109652 0.138853 -0.0400023 -0.161152 0.00108718 -0.0323798 -0.0662535 0.0298319 -0.0124769 0.0922888 0.192099 -0.165176 -0.104526 0.109689 0.00996332 -0.0583047 0.141775 0.171397 0.0524236 
0.0550538 0.0500537 0.102583 -0.0339472 -0.0624874 0.209477 -0.0553617 0.0584107 -0.208546 0.0713803 -0.0359963 0.199292 -0.0406404 0.114698 0.0901914 0.00937956 -0.198079 0.151528 -0.0462654 -0.148658 0.0472306 -0.0658033 0.167216 -0.069566 -0.210703 -0.0399973 -0.175681 0.0788665 0.108833 0.0331823 
-0.186039 0.21288 -0.0897853 0.150652 -0.153109 0.151073 0.0160562 -0.173073 -0.0275663 -0.130667 -0.186508 0.092056 -0.175776 0.0945533 -0.213967 -0.0783261 -0.166713 -0.190612 0.140034 0.0140672 0.165489 -0.0905262 0.181075 0.151239 0.0464294 -0.022196 -0.0326773 0.121936 0.0274526 0.00874401 
0.192563 -0.0759573 -0.127089 -0.0705234 0.0778045 0.0566003 0.0193969 -0.001044 -0.173643 0.106819 0.0413234 0.0632923 0.0984613 0.15778 -0.172115 0.108957 -0.0626566 -0.111834 0.0471412 -0.0012217 0.104931 -0.162343 -0.0182156 -0.128649 -0.109103 -0.0926691 0.131375 0.188919 -0.0581428 0.0130567 
-0.00522121 -0.12571 -0.179309 -0.201413 0.0229188 0.0385764 -0.0250823 0.023866 0.159486 0.119283 0.103344 -0.0466223 0.0815179 0.123927 0.0139626 -0.201171 -0.0686021 0.0560385 -0.00674637 0.171094 -0.146432 -0.164356 -0.253262 0.235943 0.0627551 0.189015 0.0372501 0.110944 0.114599 0.00623096 
-0.00384981 -8.38451e-07 0 0 -1.3025e-05 0 -3.17837e-05 0 0 -9.87379e-06 0 4.08236e-09 0 -6.08037e-05 -4.80796e-06 -3.76521e-11 0 -0.00158012 0 0 -1.62842e-09 0 -9.8142e-05 0 0 0 0 -1.84253e-06 8.02223e-14 -5.95398e-07 0 5.39388e-05 0 0 1.51262e-07 0 0 -2.7495e-06 0 0 0 -0.00334004 0.00292831 8.53142e-13 0.00268769 0 0.00095965 0.00392542 0 -1.54905e-13 0 0 0 0 0 0 0 -0.00284352 0 0 0.00394366 0 0.000248731 3.9635e-09 1.42326e-12 9.3301e-07 0 -4.8917e-09 0 -3.17221e-05 0.000772078 0 0 0 0 0 1.98891e-12 1.15557e-07 0 0 0 0 8.74483e-07 0 0 0 0 -2.68885e-11 0 2.50249e-13 -2.92041e-05 7.4399e-11 0 -0.00325008 -2.25985e-09 0 1.01589e-06 0 0 -0.00184079 
0.0220762 0.147833 0.0643866 -0.199189 0.0899746 -0.143572 -0.12507 -0.0623203 -0.120851 0.085455 0.105719 -0.060322 0.170387 -0.153476 0.112211 0.0814305 -0.101081 -0.154479 0.160077 0.115966 0.0252102 -0.0738353 -0.0740079 0.193181 -0.109774 0.145264 -0.166389 -0.0350937 -0.190376 0.157629 -0.0457066 0.108583 -0.040718 -0.0238869 -0.0475679 0.00586575 -0.0047928 -0.0176528 -0.060997 0.11372 -0.138563 -0.156117 0.120295 -0.192954 0.196916 -0.0792004 0.162486 -0.0329457 0.198271 0.0683645 0.108616 -0.0327586 0.0580454 -0.122131 0.201644 -0.0185412 0.0536331 0.0199895 0.201491 -0.186334 -0.104262 -0.00384495 -0.00925877 0.0980749 -0.0336341 -0.0859887 -0.191592 -0.129954 -0.0208621 0.0451231 -0.0379674 0.0711421 0.0844448 -0.0598043 0.0498695 -0.0977597 0.128248 0.116019 -0.0248079 0.126713 0.00805361 -0.172947 -0.0741394 -0.108984 0.0888323 0.0279807 -0.00119092 0.0745089 0.131532 -0.00478809 -0.146134 -0.0590016 -0.114766 0.0304533 -0.0575794 -0.1798 0.185063 -0.0198878 0.157212 -0.266976 
-0.0398485 -0.0875897 -0.143518 -0.0782616 0.146895 0.0285033 -0.148136 -0.0278677 -0.14669 -0.0585135 -0.153987 -0.0953865 -0.183163 -0.0899997 0.17193 -0.192588 0.0994446 -0.0117483 0.059849 -0.107494 0.193958 -0.0536299 -0.123187 0.0754633 -0.0348984 -0.116811 0.070546 0.174862 0.00976764 -0.152405 -0.153996 -0.129359 0.135319 0.0114725 -0.076085 0.10157 -0.191181 -0.0720414 0.0153904 0.135376 0.175176 -0.297148 0.154039 -0.00943717 -0.0168561 0.12067 -0.00424673 0.20483 0.136138 0.0481346 0.140241 0.076872 -0.0567837 -0.0862814 0.0810181 -0.158871 -0.155863 0.0711277 0.178573 -0.065156 0.263023 0.0274796 0.147089 -0.135451 -0.0592663 0.152615 -0.110863 -0.00932978 -0.009804 -0.128192 0.0765575 -0.103362 -0.106597 0.115323 0.103238 0.117278 0.153144 0.156038 -0.057515 -0.055976 0.103105 0.108659 0.15822 -0.17339 -0.159487 -0.0805478 -0.0696875 0.151195 -0.166255 0.0213946 0.00338884 -0.14587 -0.0483716 -0.0981722 -0.0878214 0.010181 -0.169137 0.0072752 0.0533127 -0.311619 
0.064819 0.0631416 0.14147 0.189041 0.0287201 0.0152625 0.0225032 -0.00146024 -0.191426 0.0859748 -0.0951842 -0.0612857 0.0117098 0.160004 0.0908505 -0.0598022 0.0540446 0.1193 0.106674 -0.0848001 -0.109313 -0.15109 0.145075 -0.128 0.180085 0.153383 -0.0531295 -0.189108 0.0108174 -0.0357478 0.136142 -0.00861958 -0.13885 0.199075 -0.124856 0.170968 -0.0481876 0.0286605 -0.0794405 0.15339 0.0398228 0.068167 -0.234964 -0.183082 -0.161984 0.109079 -0.0397229 -0.0559299 -0.13698 0.0571657 -0.0346697 -0.0870216 -0.182917 -0.029991 -0.0651134 0.119149 -0.167656 0.271979 0.0629592 -0.114231 -0.105682 -0.121682 -0.136615 -0.146856 -0.0699546 0.0179391 0.117006 -0.100153 -0.138422 -0.0471739 -0.149018 -0.0270437 0.198595 0.137741 0.169866 -0.0278714 0.0354927 -0.070538 0.0514372 -0.0735892 0.115768 -0.180936 -0.0178938 -0.100677 0.0615473 -0.106088 0.0354705 0.197476 0.200888 -0.190172 0.192855 -0.141762 -0.0146591 0.272961 0.0179577 0.0869983 0.0954348 -0.00355967 -0.107775 0.139531 
0.0946685 -0.0993171 -0.00892356 0.175858 -0.122528 0.161207 0.103483 0.045736 0.0810438 0.0273403 -0.164323 0.0585722 -0.149811 -0.027161 -0.0893984 -0.174968 0.133015 -0.200569 0.157814 -0.0361723 -0.104445 -0.179704 0.123248 -0.0856465 -0.183736 0.017544 0.174082 0.116425 0.192899 0.123878 -0.0983618 0.0992601 0.135558 -0.0855896 0.175561 -0.139487 0.121275 -0.00752585 -0.154691 -0.0363463 0.140935 0.0664759 0.143051 -0.139236 0.090754 0.046083 0.126238 0.00881083 0.0425693 -0.00830602 0.0636079 0.178042 0.0753344 -0.0958689 0.195499 0.197852 -0.174215 0.110276 -0.142755 -0.0185333 0.079889 0.138217 0.189653 0.0463192 0.127622 0.096285 -0.109429 -0.0405145 -0.0805064 0.195718 -0.0206275 0.202048 -0.0329511 0.0693965 -0.100081 -0.164705 -0.00709203 -0.183574 -0.0100897 -0.178104 0.12052 -0.0776476 0.102081 0.0639101 0.0821543 0.032162 -0.185239 -0.15601 0.0859319 -0.127317 -0.108776 -0.0554689 -0.0126638 -0.149131 0.0522539 0.198565 -0.180854 -0.136767 0.0283904 -0.195755 
-0.0651234 -0.0904409 0.0835346 0.123687 -0.0191778 -0.143157 -0.00629199 0.0641499 0.113647 -0.0234856 0.19579 0.0446018 -0.125903 0.178252 -0.0996048 0.0469187 0.0187968 -0.0418656 0.193005 0.165678 0.0885367 -0.103584 -0.184217 -0.166244 -0.047129 0.108337 0.0230057 0.182408 -0.0502395 0.137736 0.0989543 0.172684 0.11265 0.176141 -0.0915915 0.0354174 -0.0585815 0.12776 0.000697309 -0.193848 0.0217885 -0.124085 0.174883 0.177189 0.0147083 -0.032599 -0.0843407 0.00232086 0.135911 0.101088 0.0687741 -0.195947 0.134595 -0.000665099 0.179055 0.127679 0.163625 -0.055788 -0.034433 0.0502807 0.134194 -0.058856 0.176081 0.0408038 0.0983331 -0.123489 -0.186595 -0.0357275 -0.0538767 0.059814 0.0850965 0.101436 -0.0766984 0.132673 -0.00448514 -0.175998 0.0600656 -0.183068 0.192728 -0.0631844 0.0963132 0.0351089 -0.195444 -0.10408 0.128363 -0.158265 -0.175434 -0.1525 0.0933664 -0.0352666 -0.136914 0.0389243 0.147882 -0.117896 -0.141212 0.12861 -0.104319 -0.144271 -0.0683389 0.0102178 
-0.153205 -0.0893978 -0.00468878 0.0916138 -0.0512795 0.0808456 -0.166123 0.197585 0.126451 -0.109005 -0.163921 -0.165741 0.0442652 0.0224931 0.198457 0.15465 -0.101319 -0.20754 -0.0930996 -0.10077 0.067814 -0.146564 0.13018 0.191605 0.0857904 0.0394446 0.0745234 0.0327429 0.108397 -0.0815266 -0.0557415 -0.173739 -0.173211 -0.161502 0.0647462 -0.0605682 -0.0892906 0.0517399 -0.108287 0.0552934 -0.00179749 -0.131125 -0.0680097 -0.104914 0.206638 0.0891343 0.116727 0.155808 -0.149331 -0.196405 -0.0313304 -0.19101 -0.0479 -0.0747867 -0.0898867 0.142834 0.1123 -0.0315602 0.212127 -0.178407 0.175851 -0.124882 0.103904 0.0507424 -0.0469442 0.140832 0.0709414 -0.0278884 0.175354 0.188199 -0.0478501 0.135756 -0.00667369 0.0851464 -0.0517727 -0.0639997 -0.166527 -0.0551668 0.152393 0.124238 -0.0193784 0.0361591 0.142928 0.176669 -0.0131508 0.073231 -0.178362 0.0907303 0.0960707 0.12096 0.191375 -0.117574 0.0690958 -0.154056 0.0762658 -0.0668959 0.0855364 0.0267607 -0.00710626 -0.219693 
0.190919 0.120894 0.0120796 0.150224 -0.0839748 0.161883 -0.0431857 0.038673 0.065007 -0.0165108 0.138867 -0.122849 0.00610025 0.0785171 0.125531 0.18228 -0.161819 0.166135 0.0746108 -0.00191964 0.0559215 -0.00583312 -0.0140866 -0.0383028 0.0246969 -0.0588972 0.15393 -0.179746 0.123041 0.156392 0.0654301 0.0794368 0.173474 -0.0530373 -0.156192 -0.00556293 -0.155775 0.127254 0.0865075 -0.0199125 -0.101982 0.227389 0.0334954 -0.155171 -0.158097 -0.0979666 -0.179571 -0.06167 0.0852059 -0.105145 -0.156874 -0.106317 0.0701565 -0.197657 -0.108133 0.0599139 -0.004367 0.234461 -0.091577 0.0392314 0.104441 -0.166148 0.176782 0.017342 -0.0284539 -0.0282729 -0.0847612 -0.070929 0.129857 -0.0847059 0.0400496 0.111571 -0.120782 -0.168092 0.11038 -0.169389 0.133847 0.172989 0.151751 -0.184305 -0.171224 0.1554 0.120272 0.13325 0.151241 -0.201587 0.018898 0.0850433 -0.214486 -0.110187 -0.0103666 -0.0596593 -0.00962695 -0.0137004 0.138787 -0.110417 0.13786 0.0383602 -0.177741 -0.042064 
0.136044 0.0480564 0.144279 0.131537 -0.035077 -0.0470931 0.150398 0.161364 -0.0676986 -0.176332 0.184421 0.0668419 0.0867391 0.12825 0.0156513 0.190831 0.101275 0.141279 -0.0722839 0.136804 0.0246635 0.195492 -0.0156311 0.0412079 -0.0893421 0.10108 -0.0340562 -0.0482613 -0.0902335 0.11853 -0.112608 -0.0232457 -0.102305 0.178052 0.170891 0.0867208 -0.0737777 -0.140019 0.0453824 -0.0774228 0.179413 0.0169207 0.14732 0.0294207 0.115571 -0.159122 0.0599907 0.149372 -0.166704 0.00575181 -0.00682954 0.0639187 -0.195778 0.059589 -0.0412274 -0.029687 -0.164319 0.113773 -0.0162681 0.183278 0.189264 0.0737857 0.0562101 0.0395968 0.17145 0.166755 0.184204 0.00349464 -0.0644343 -0.0349657 0.0281677 0.10625 -0.171232 0.0146501 -0.164474 -0.12861 -0.124039 0.119851 -0.131825 0.0814993 -0.183897 0.0869755 0.0176538 0.132627 0.185132 0.0155369 0.0824218 0.156881 -0.115206 -0.0645663 0.0185376 0.153152 0.13312 -0.00332904 -0.00623431 -0.044828 0.0191578 -0.158136 -0.186713 0.120261 
-0.0578594 -0.0178869 -0.190584 0.168058 0.148163 0.0241639 0.160142 -0.196263 0.147551 -0.00225461 -0.160237 0.013302 0.17235 -0.057192 -0.0212214 0.105496 -0.125254 0.0863148 0.0477887 -0.0307712 0.0439449 -0.19578 0.200548 0.1752 -0.000587896 0.100074 0.0826917 -0.167022 0.0303649 -0.0652464 -0.161505 0.158922 -0.156317 -0.0834689 0.00401285 -0.135436 0.00806914 0.0714626 -0.0738259 0.140631 -0.193011 0.152862 0.107659 0.0833894 -0.237183 -0.0313226 -0.0188112 -0.146875 -0.0494773 -0.0444887 0.0923548 -0.0418739 -0.183804 0.0999348 0.183475 0.141055 -0.194998 -0.154665 0.048497 -0.111734 -0.218683 -0.15514 0.101158 -0.156409 -0.0758344 -0.0171457 -0.116002 -0.0683058 0.124969 -0.095592 -0.187035 0.140048 -0.0191106 0.0126022 -0.137753 -0.0731369 -0.100228 0.136964 -0.036762 0.157522 -0.103373 0.13326 0.155753 0.00282219 0.107711 0.186463 -0.00482414 -0.166575 0.0354804 0.1186 -0.00879745 -0.0471806 -0.100257 -0.0815832 0.00334837 -0.0671339 -0.173447 0.0926386 -0.0261823 0.14672 
0.0889218 -0.0296431 -0.0864314 0.147408 0.132127 0.053444 -0.156922 0.0965663 0.0231559 -0.00147863 -0.00463361 -0.0068592 -0.178367 0.111642 0.16889 -0.0595851 -0.1948 0.0713221 -0.0518716 -0.0606918 0.0105281 0.00264835 -0.114498 -0.126786 -0.0875579 -0.128651 0.0822167 0.0959429 -0.0948764 -0.181569 -0.15982 -0.193681 0.0127075 0.0457321 0.120155 -0.0632123 -0.0113932 0.118334 0.115064 0.0364706 -0.025514 0.0806998 -0.0720869 0.136943 -0.144393 0.0575996 0.169174 -0.219249 -0.192444 -0.124379 0.117581 0.0768499 0.107735 -0.0215519 -0.1251 0.177545 0.0620769 0.283715 -0.192894 0.0138869 -0.256476 0.169046 0.143256 0.0184921 -0.0409503 0.00392344 -0.126482 0.083888 0.166683 0.151536 -0.072504 0.173849 -0.0535156 0.115958 0.110428 0.0757791 -0.109067 0.16854 -0.12755 0.0869747 0.0314323 -0.171382 -0.176789 -0.0513306 -0.117872 -0.190418 0.197238 -0.073277 -0.0416476 0.0707761 0.0652649 -0.125994 0.0189795 0.114511 0.156645 0.161436 0.000591091 -0.197888 -0.148368 0.172551 
-0.0376058 -0.0385121 -0.083793 -0.136981 -0.181634 -0.163376 -0.0955682 -0.116201 -0.137491 0.149861 -0.0350053 0.056539 0.167026 0.0536134 0.019914 -0.0511035 -0.147181 -0.0174233 0.157155 0.0474727 -0.0381465 0.0792072 0.0478631 0.176381 -0.142855 0.00790158 0.0154886 -0.0895918 -0.0388267 0.00483186 -0.149404 -0.113046 -0.141629 -0.193616 -0.0486317 0.00157546 0.0536837 -0.174156 -0.131429 -0.0162749 0.186984 0.0209195 -0.000748956 0.115346 0.0297863 0.0370666 0.191932 0.17534 0.140437 0.0445256 -0.0293996 0.0571728 -0.0139706 0.129229 0.118463 0.15509 0.0939103 0.10312 -0.0061601 0.0196441 -0.0928238 0.136952 0.177625 -0.139799 -0.0811921 -0.108995 -0.115945 -0.0960365 -0.177279 -0.090614 0.0138839 0.0670768 0.0471423 0.143488 -0.0214941 0.0401099 -0.0840875 0.043536 0.159363 -0.131611 0.138948 0.118531 0.0128031 -0.119773 -0.0121284 0.111414 0.00280667 -0.00943862 0.0783513 0.0822652 -0.181465 0.178191 0.00571485 -0.0971353 0.162032 0.0525639 0.13287 0.15597 -0.199668 0.0731458 
0.242429 -0.159136 0.00971411 -0.198765 0.0242625 -0.0104484 -0.0548156 -0.145425 -0.102468 0.125784 0.0105482 0.0466557 0.0836944 0.145504 -0.157606 -0.0128331 0.173996 -0.0127561 0.0437077 0.187903 -0.0503519 -0.154453 -0.106321 0.0792463 -0.166036 0.0237251 0.195953 -0.141558 -0.048315 -0.0288855 -0.199129 0.0291916 -0.186729 0.0729164 -0.163897 -0.0654963 -0.128943 -0.0226952 -0.172774 0.0266103 0.12929 0.132606 -0.180519 -0.178416 -0.0774221 0.189943 -0.0835478 -0.221783 0.155158 -0.0303575 0.102199 -0.138761 -0.0438861 0.11341 0.0237486 -0.175299 -0.0912362 0.26137 -0.0742828 -0.0185525 -0.190367 -0.0711587 -0.0228932 0.105078 0.0157184 -0.0560299 0.120764 -0.122582 -0.0203623 -0.0381758 0.178207 -0.092031 -0.0916957 0.0283727 -0.101373 -0.141173 0.0839237 -0.173494 0.143585 -0.169709 0.0680892 0.0831393 -0.192717 0.164303 -0.146971 0.102001 -0.0764924 0.042582 0.0554449 0.0512143 0.0654433 0.0255023 -0.0518522 0.150106 0.191974 0.170275 -0.0821084 0.0189041 0.0850208 0.214114 
0.170149 0.123049 0.174412 -0.0778783 0.0899337 0.11924 -0.0131434 0.134258 -0.147025 -0.122482 -0.0440457 -0.136829 0.0256379 0.0368324 0.188618 -0.0273545 -0.120028 -0.103852 -0.179003 -0.0174141 0.1489 0.0786995 0.194213 -0.00431918 -0.184939 -0.0206525 0.162658 0.131771 -0.0158861 0.121239 0.0587407 -0.15421 -0.11833 -0.196309 0.149618 0.0316272 -0.0852184 0.0723267 -0.177788 0.100026 0.186517 0.157551 -0.213361 0.0255291 -0.00675456 -0.0978145 0.06384 0.0133282 -0.0692675 0.0431382 -0.0449546 0.151741 -0.161848 -0.100241 0.000220398 -0.0494214 -0.187457 -0.0625438 0.0434979 0.16445 0.0639274 -0.0537205 -0.0792435 0.0499056 0.084714 -0.0836957 0.153882 0.0808792 0.170235 0.160985 0.125064 0.0730095 -0.19789 0.0745882 0.0298122 0.107984 -0.132408 -0.0464139 -0.0228513 0.0477535 0.186155 -0.0323687 -0.183719 0.143573 -0.124957 0.0784615 0.132365 0.0426155 -0.182043 -0.00488995 -0.041945 0.103446 -0.00860111 0.227105 0.0888236 0.11912 0.0438762 -0.141301 -0.122754 0.232275 
0.0595928 0.0478234 -0.013949 -0.0425851 0.024339 -0.0601251 -0.107348 -0.172442 0.0944369 0.163046 0.164776 0.0716293 0.187866 -0.0929577 0.0841153 -0.0163544 0.0769927 -0.133408 -0.0341662 0.0971207 0.00723532 0.172975 -0.0824924 0.205642 -0.13575 -0.198658 -0.154704 0.166167 -0.0235668 -0.12551 -0.1832 -0.144401 0.170273 0.0365798 0.198339 -0.16721 -0.135743 -0.0943483 0.00327836 -0.0176467 0.0986457 -0.184782 0.241986 0.0532574 0.1424 -0.153743 -0.176487 0.223131 -0.0813481 -0.193957 0.0557169 -0.145461 0.143709 0.150696 -0.0533042 0.0511596 0.0593909 0.0450829 0.091553 -0.169894 0.113725 -0.0300757 0.12903 0.0152759 0.135185 0.0569445 -0.198448 0.0207976 -0.104785 0.169149 0.0189155 0.0255641 0.097753 0.180261 -0.11882 -0.0692054 -0.00605491 -0.183311 0.128682 0.0780614 0.133444 -0.185433 -0.0172752 0.123588 -0.0459206 0.040067 0.0116701 0.0535556 0.192994 -0.188241 -0.107749 0.164141 -0.129084 0.117417 -0.134424 0.106016 -0.0934215 -0.126622 0.152444 -0.0770797 
0.240914 0.130326 -0.143339 0.00788499 -0.0140339 0.186764 -0.0294753 -0.0763587 0.128601 -0.131441 0.0214018 0.0309033 -0.135295 0.0290443 -0.0543338 0.157247 0.103124 0.140145 -0.0651663 -0.0155334 0.162252 -0.175533 -0.0275218 -0.0430549 -0.14892 -0.0208234 0.149403 -0.0472627 0.00258115 -0.146847 0.0438552 -0.0535425 -0.0260938 0.0221777 -0.187619 0.0214805 -0.121429 -0.135065 -0.0860915 0.113164 -0.01239 0.0356954 -0.0686274 -0.0449056 0.0219113 0.120648 -0.00269508 -0.217508 0.168273 0.102023 0.00769524 0.112591 0.192544 0.168273 -0.155628 -0.0798518 -0.159744 0.185824 -0.00663389 -0.0552599 0.127321 -0.0559674 -0.144116 -0.0252026 0.172264 0.111764 0.00702201 -0.192229 -0.146651 -0.12259 0.10202 0.0511949 0.05268 -0.0702938 0.0411763 -0.0663098 -0.0866436 -0.0358276 0.0562112 -0.0813177 0.0084661 0.0341184 0.137415 0.0131006 0.00861687 -0.173978 -0.111378 0.186911 -0.0782792 -0.0228515 0.179675 -0.154277 0.0139332 0.120744 0.0764509 -0.180646 -0.0372266 -0.131574 0.10422 0.169452 
0.0270244 0.134522 0.086638 0.0753183 0.00888586 -0.072695 0.0948898 -0.148226 -0.0146791 -0.0678922 0.136317 -0.169952 -0.129782 0.136437 0.0757744 0.186792 0.103581 -0.147006 0.164885 0.16454 0.16152 0.0968854 -0.107591 -0.13096 -0.0109903 0.16487 0.0552186 -0.119223 0.0739597 -0.0118116 0.0326407 0.141409 0.183854 0.125826 -0.167237 -0.0244984 -0.0152164 -0.0755998 -0.146861 0.191716 0.0166619 0.154012 -0.219935 0.139621 -0.180815 -0.136046 -0.0677425 -0.139895 -0.161169 0.19073 0.109226 0.0302365 0.13886 0.153842 -0.0645445 -0.0510946 -0.150602 0.229665 -0.117736 -0.0991686 -0.190832 0.0534279 -0.164701 -0.0341428 -0.130231 0.0341559 -0.180386 0.0606572 -0.119951 0.138468 -0.137204 -0.0391656 0.0138123 -0.0706107 0.102486 0.19876 -0.0834784 -0.109263 0.00208292 0.0493015 -0.11424 -0.0505787 -0.176735 0.0175709 0.14981 0.0936561 -0.0470569 0.166025 -0.152771 0.199681 -0.052425 0.108303 -0.117179 0.0405575 0.143065 -0.15225 -0.16617 -0.171648 -0.0254801 0.0388884 
-0.0331693 0.152556 -0.088624 -0.110539 0.00421006 0.120689 -0.154234 -0.11999 -0.054129 -0.0977751 0.156466 -0.168226 -0.177223 0.12026 0.0226524 -0.00835407 -0.0990399 0.00667275 0.107086 0.0781106 0.018053 -0.144612 0.000773038 0.100403 0.0570186 0.0186228 0.0735068 -0.0573543 0.126966 0.176817 -0.194948 -0.0554988 -0.125014 0.0307011 -0.0878879 0.022458 0.167957 -0.0651735 0.106618 0.184654 -0.0606911 0.115478 -0.192322 -0.0978418 -0.096824 -0.0658239 -0.0928029 -0.189688 0.013721 -0.0516181 0.14642 0.0785122 0.168513 0.145879 0.0993907 0.176948 0.181981 0.192433 -0.184038 -0.0658102 -0.0297497 0.00465652 -0.0556854 0.110064 -0.048245 -0.101619 0.12346 0.124422 -0.155162 -0.117326 0.0247201 0.107431 0.146169 0.12818 -0.00529387 0.0332527 -0.153777 -0.152594 0.0090517 0.168772 -0.0635006 -0.145136 -0.135396 -0.104609 -0.123801 0.144592 0.191483 -0.118935 -0.0731981 0.0373808 -0.1592 -0.16523 -0.145907 0.101215 0.0989863 -0.10159 0.0277643 -0.0959824 -0.136285 -0.00699534 
-0.0983705 0.0248465 0.0871979 0.170406 -0.0642196 0.117035 -0.173515 -0.0583142 -0.0648866 0.105076 -0.151253 0.19517 -0.0199185 0.16406 0.185975 -0.163523 -0.153754 -0.206986 0.0510385 -0.00435789 -0.0520492 0.0119997 -0.185339 -0.0645882 -0.0598123 0.159715 -0.00940094 -0.179402 0.143152 0.115593 -0.0521699 0.0629599 0.0441682 0.188743 0.0450265 0.113418 0.121701 -0.117951 -0.10886 0.185422 -0.146355 -0.0264616 0.28906 0.175888 0.229827 -0.133155 0.150055 0.206126 0.0229296 -0.0850948 0.199317 0.0365637 0.0226776 0.0806819 0.0444988 0.0641034 -0.141008 -0.0620029 -0.12739 -0.0299743 0.0479842 0.133621 0.0683255 0.11282 0.0534868 0.130992 0.143337 0.0381466 -0.161306 0.00732744 -0.0500718 -0.0121416 -0.103842 -0.0205889 0.0731506 -0.0387355 -0.0620142 0.184375 0.0686679 -0.165356 -0.109101 -0.0270141 0.0864344 0.158159 -0.0422049 -0.178139 -0.144717 -0.183043 -0.126865 -0.0905597 0.00833316 0.0175335 0.192705 -0.322553 0.208983 -0.119026 0.175918 -0.180945 -0.0434968 -0.135075 
-0.171119 0.16001 0.122221 -0.189903 0.184284 -0.0640849 -0.090868 -0.0470969 -0.162087 -0.106786 0.0757821 0.0393964 0.156015 0.134893 -0.122094 0.0922015 -0.00732012 0.121479 0.0795874 -0.160158 0.0426757 0.120545 -0.15544 0.154729 0.111519 -0.174494 -0.181872 -0.186411 0.167198 0.0319993 0.013175 -0.160901 0.00488149 0.0657892 0.0917283 0.116013 0.021583 0.00345999 0.126992 0.0606203 0.159298 0.0844117 0.110278 0.0196809 -0.230981 -0.132902 -0.149538 -0.0985722 0.0876881 0.0316013 -0.0558235 0.152978 0.089754 0.122403 0.157201 -0.0918675 -0.150219 0.0939895 0.0947799 -0.149912 0.0108569 -0.129607 0.117745 0.0806328 -0.147677 0.151549 0.1831 0.0165901 -0.196062 -0.0739258 0.179805 -0.0193456 0.0698254 -0.148245 -0.134102 -0.0188807 0.170334 0.151204 0.110282 -0.0154518 -0.109328 0.117149 -0.0823948 -0.116277 -0.165874 -0.155801 0.0750988 -0.0744214 -0.0199616 -0.103426 0.084619 0.0823043 -0.114145 -0.0397478 -0.185387 -0.0568975 -0.0453442 0.128279 -0.0332503 0.217639 
-0.17672 0.167391 -0.0413914 -0.161665 -0.03649 0.187314 0.0310964 0.0448615 -0.0493609 0.0537303 0.189535 0.161034 0.186416 0.0647739 -0.101072 0.0213574 -0.1334 0.158274 -0.134811 -0.197636 0.142878 -0.120154 0.11859 -0.12081 0.0269056 -0.0766258 0.02259 0.0910463 -0.0352811 -0.0720471 0.105815 -0.0893053 -0.00536981 -0.138334 0.0115984 -0.0392803 -0.0166841 0.102843 -0.0874933 -0.142642 -0.156694 0.106608 0.0725302 0.0546238 0.0455166 0.0170976 0.151237 -0.129057 -0.10032 -0.160043 -0.19195 0.0113374 0.00215136 -0.0224979 0.17217 -0.0424774 -0.062238 0.109305 -0.0421813 -0.022816 -0.138272 0.0615853 0.0340317 0.0173066 -0.153703 -0.101737 -0.0301524 -0.186335 0.160794 0.15361 0.0533577 0.0806521 -0.0533467 0.176867 -0.185765 0.148142 -0.0528107 -0.0149297 0.1069 0.00212267 0.032935 0.129168 -0.0587025 -0.00603966 -0.0219863 0.183748 0.142597 0.108971 -0.19677 0.0672925 0.147824 0.159594 -0.066877 0.131611 0.128104 0.0320773 0.15524 0.0473801 0.142569 0.1262 
-0.104203 -0.013573 -0.0132939 -0.17957 0.0373908 -0.0463869 0.19522 0.0918622 0.128106 0.141761 -0.166951 -0.0547137 0.176059 -0.139161 -0.0483598 -0.139386 -0.178607 -0.0764198 -0.166167 0.0017618 -0.197492 -0.0279576 -0.115908 0.0285637 -0.149561 0.139907 0.0137617 0.0112937 -0.0544573 0.184805 0.18119 -0.0821806 -0.107242 -0.0199468 0.111127 -0.0436838 -0.106992 0.172023 -0.122645 -0.122334 0.0442201 -0.107681 0.0441567 0.0780026 -0.118355 -0.104384 -0.0342685 -0.0391004 -0.117125 0.103631 -0.00466098 0.126455 0.18629 -0.123546 0.168768 0.11922 0.140863 -0.010074 -0.131957 0.00823873 -0.0756975 -0.0330879 -0.105807 -0.111901 -0.0883216 -0.0109913 0.123945 0.120013 0.0776595 -0.154676 -0.0168751 0.0272017 -0.02949 -0.137664 -0.116677 0.181365 0.0848707 0.117029 -0.0820648 0.0823936 -0.00908764 -0.117625 -0.110936 -0.133903 -0.130575 -0.165613 -0.0821487 -0.173759 0.0364245 -0.0660084 0.0492929 -0.168342 -0.179911 -0.122215 -0.162502 -0.0838951 -0.162953 -0.16446 0.198442 0.156629 
0.166139 -0.0411329 -0.0688254 0.185735 -0.0261283 0.192868 -0.0776032 -0.171349 0.0386225 0.00588778 0.193722 0.0997034 -0.0929762 0.00812884 0.00397477 0.0503004 0.0648607 -0.0774941 0.173034 0.147972 0.00825324 0.13302 0.152759 0.0143395 0.186201 0.152084 -0.115084 -0.0919215 -0.152128 -0.110317 0.176007 0.14107 -0.0575073 -0.0188285 0.0256393 0.14687 0.0938602 0.0367042 0.0610927 0.193321 -0.013044 -0.164234 -0.0179043 0.0415926 0.110841 0.163103 -0.0249474 0.0278231 -0.0539979 -0.054466 -0.034871 -0.0915887 -0.129078 0.00982596 -0.126497 -0.124774 0.00563716 -0.18812 0.0760352 0.177072 0.198946 0.0747824 0.0666109 0.168193 0.0297089 -0.143267 -0.144732 -0.00699889 -0.0159596 0.157695 -0.0527571 -0.182087 -0.096518 0.0017094 0.000699968 0.00707759 0.00929754 0.124696 0.140341 0.102586 -0.172626 0.175841 0.163862 0.0150476 0.147686 -0.132468 -0.125095 -0.131391 -0.140141 -0.196776 -0.0883164 -0.144514 -0.0714539 0.144652 0.0613327 0.0281984 0.105374 -0.0910702 0.0977234 0.134207 
-0.257468 0.166417 0.00600158 -0.116668 -0.0598601 0.163072 0.177115 -0.0274935 0.199475 0.123942 0.0696471 -0.129569 0.000878633 -0.128592 -0.149894 -0.078358 -0.00100848 -0.138239 -0.0839964 -0.0740437 -0.00119303 0.066603 0.165294 0.0279671 0.0228191 -0.0254496 0.0795521 -0.0681152 -0.062216 0.101535 0.131076 -0.196285 0.187654 -0.0286009 0.0290312 0.118524 0.021269 0.0646092 0.116476 0.0348685 0.00305291 -0.218372 -0.093945 -0.195349 0.264237 -0.0453899 0.106827 0.210525 -0.00847994 -0.131401 -0.177322 -0.186107 0.153143 0.152443 0.0444654 -0.156152 -0.0815467 0.0688386 0.0230119 0.0736364 0.183534 0.0137296 0.0957852 0.122884 -0.117378 -0.150276 0.00441133 -0.178296 0.156955 -0.0802081 -0.183729 -8.6444e-05 -0.0740324 0.187514 0.139138 -0.164024 0.092731 -0.195652 0.0494194 -0.0912946 0.177055 0.172973 0.036478 -0.061011 -0.174051 0.0648981 -0.0369991 -0.0533254 0.0741864 0.1506 0.101009 0.173528 0.163743 -0.014532 0.122993 -0.129445 -0.112612 0.103192 -0.080326 -0.00623034 
0.24483 -0.0664338 0.0402287 0.0359722 0.0284477 -0.0333524 -0.102118 0.033442 0.0781217 0.175564 -0.099179 0.0272203 -0.0370734 -0.168873 0.125587 0.085501 0.0428456 -0.123646 0.0370727 -0.0393532 0.14156 -0.085504 -0.0191994 0.148923 -0.167454 0.158823 0.0475077 0.0748933 0.155345 0.146922 -0.207985 -0.205346 -0.177336 -0.0698689 -0.136808 0.167266 0.0987048 -0.071916 0.146295 0.179644 -0.122359 0.240006 0.00376733 -0.122089 -0.0586224 0.160008 -0.14015 -0.248532 -0.0615799 0.132295 0.131758 0.0374853 0.107189 0.143166 -0.197871 0.0961897 0.00730483 0.213777 0.0833705 -0.065358 -0.262767 -0.0526256 -0.0342904 -0.063707 0.191507 -0.177091 0.171251 0.0209539 0.00122372 0.106879 -0.0522114 0.0218359 -0.137787 -0.0469998 0.0585424 -0.0399469 0.166573 0.0780317 0.13798 -0.0686772 0.155445 0.0711387 -0.000966509 -0.154097 -0.00243065 -0.159313 -0.198959 0.0343755 0.0230411 -0.0891169 -0.0985863 -0.197193 0.0163193 -0.0148186 -0.142489 0.125926 -0.165264 -0.0281493 -0.189828 0.254582 
-0.131251 0.0923416 -0.19603 0.0417752 0.0597725 0.121564 -0.140108 -0.167338 -0.0265592 0.196818 0.179028 0.0803575 -0.0601621 0.0470074 -0.0327692 0.129171 0.168633 0.212794 0.118562 -0.0295442 -0.0886986 -0.0986699 0.0208171 -0.0804936 -0.196419 -0.112982 -0.126698 0.0303673 -0.168156 -0.160864 -0.0718377 0.0464099 0.160459 0.0332092 0.196718 -0.178836 -0.174815 -0.0351355 -0.0749117 0.0212417 0.0520617 0.147625 0.0758527 0.0972672 0.125685 -0.0695247 -0.187958 -0.0812241 0.139415 -0.00193092 0.16457 0.0694405 -0.048414 0.123116 0.024731 -0.0434076 -0.110982 -0.0408125 -0.161651 0.116398 -0.182266 0.0687681 -0.0209072 -0.0229368 -0.0374534 0.0300025 0.195542 -0.176157 -0.14314 0.0046484 -0.0778871 0.160395 0.0843811 0.185504 0.0368042 0.115694 0.141848 0.0474413 0.0342345 -0.200488 -0.121999 0.113962 -0.0757416 -0.159104 0.12372 0.128422 -0.186536 0.182705 0.161046 0.13766 0.0626803 -0.152804 -0.0325718 0.128539 -0.203084 -0.136212 -0.0366451 -0.200257 0.176427 0.0673097 
-0.217487 0.121771 -0.031152 0.116904 -0.0713269 0.0651351 -0.109865 -0.180249 0.107291 -0.0217926 0.15239 -0.120325 -0.0902158 -0.132727 0.168487 0.0886398 -0.00717187 0.0155341 0.155569 -0.127874 0.135157 -0.11799 0.171804 0.0343041 -0.0488153 -0.0847572 0.0003808 -0.0540711 0.175436 -0.0722924 -0.132328 0.132926 -0.0761976 -0.0449321 0.134327 0.132379 0.135935 -0.0473566 0.154189 -0.0231642 -0.192388 0.048251 0.158441 0.00386366 -0.0961047 0.00434875 -0.00285948 0.0410691 0.0408719 0.195052 -0.1944 0.0600553 0.167026 -0.139724 0.000259727 0.020447 -0.0548975 -0.00204407 0.0343195 0.0238526 0.202258 0.157949 0.0109914 -0.0974978 -0.0430851 0.167716 -0.0175455 -0.053189 -0.197218 0.104975 0.0245611 -0.0910071 0.0357645 0.0397639 0.0933936 0.187006 0.135404 0.138505 0.041253 0.00768217 -0.0245129 0.106309 0.0163774 0.198487 0.118295 -0.0399553 0.113478 0.0988186 -0.166322 0.155408 0.124496 0.127106 -0.0449666 -0.105086 -0.0172265 -0.124755 0.143436 -0.174292 0.0837179 -0.0501183 
-0.0547051 0.181603 0.0727588 -0.160991 0.0266704 0.00314906 0.0660479 0.131251 -0.107446 -0.132775 0.0509184 -0.139687 -0.18419 0.144913 -0.175453 -0.0489868 0.0925962 -0.0794275 -0.18115 -0.0258245 -0.101522 -0.141215 0.173258 0.0395601 0.178145 0.0518887 0.014557 0.121885 0.166551 0.083212 0.145953 -0.154311 -0.151911 -0.0439575 -0.0859653 0.00361443 0.138894 0.152877 -0.00248079 -0.0644483 -0.0459741 -0.16823 0.106752 0.109757 0.0726914 0.0146897 0.0515892 0.0932637 -0.113178 0.19211 -0.13658 0.08485 -0.163614 0.113129 0.0381994 0.150126 -0.120478 -0.0940376 -0.133228 0.0769214 0.097816 -0.0628696 0.0287755 -0.00639145 -0.103673 0.0780565 0.118744 0.00624616 0.0515433 0.198244 -0.201948 0.166528 0.179969 -0.0786208 0.117731 -0.0495439 0.152509 0.00442849 -0.136107 -0.0978818 -0.0286824 -0.166977 0.0442024 -0.0889669 -0.16123 -0.0299617 -0.0247366 -0.0739892 -0.146751 0.0481827 0.122118 -0.131143 -0.198849 0.0907053 -0.207784 0.16566 -0.196683 -0.130937 0.0462278 -0.12418 
-0.0594516 -0.0877425 0.103564 0.148737 -0.12204 -0.167346 -0.133472 0.00597063 -0.129681 0.123851 -0.196886 0.0970598 -0.199841 -0.0607827 0.10009 -0.119081 0.0433353 0.0206704 -0.0963936 0.152041 -0.176627 -0.0735482 0.0531119 0.171046 -0.0992865 -0.0724104 0.0366432 0.127637 0.0680669 -0.183611 -0.0878876 -0.0433074 -0.113561 0.0126287 0.125833 -0.0212422 -0.0586474 -0.0774382 0.128674 0.0168629 -0.131244 0.18344 -0.133275 -0.147576 0.113106 -0.143707 0.117813 -0.142831 -0.196778 -0.0967349 0.157441 0.0154623 0.102138 -0.139587 0.122901 0.0509242 0.122124 0.147188 0.0697364 0.165008 -0.0191115 -0.0380025 0.170247 -0.113209 -0.00442271 0.0108256 -0.189587 -0.194712 0.082643 -0.0023325 -0.0976879 -0.161543 -0.131628 -0.141566 0.0346279 -0.106431 -0.141749 0.0168683 0.175834 0.0509223 -0.141248 -0.0871622 0.0320804 0.0479317 -0.0816687 0.200431 0.128286 0.135447 0.116426 0.181793 -0.0799609 0.118815 0.102139 0.115276 0.0466337 -0.134276 0.0185602 -0.0382343 0.148402 0.0517423 
0.0140422 0.0724009 -0.00620949 -0.178497 -0.0616137 0.192417 0.129099 -0.0306988 -0.165391 -0.0111712 0.150417 0.0465695 0.0831565 -0.00187676 0.126392 0.0532725 -0.0618519 -0.00428387 -0.140045 0.0375415 0.110847 0.0921938 -0.00674293 0.0112988 -0.108289 0.162457 -0.17685 -0.102015 0.00511177 -0.130447 0.0538614 0.13346 0.0677675 0.163993 0.0733029 0.170482 -0.0150133 0.145838 0.0891493 -0.0861144 0.0117515 0.262483 -0.15676 -0.0531341 -0.047594 0.0144141 -0.189352 -0.206079 -0.198028 -0.0161719 -0.0871963 -0.10351 -0.184222 -0.102334 0.173792 0.00511891 -0.142685 0.125785 0.13998 -0.122046 -0.137548 -0.0900012 -0.0449791 -0.143776 0.0912399 0.146271 -0.0293741 -2.78573e-05 -0.0650096 0.102884 -0.089944 -0.0172039 0.0587726 0.0552674 -0.0796794 0.0208162 0.0465185 0.0203979 0.0539914 0.128898 0.0527141 -0.143266 -0.116038 -0.162305 0.152687 0.176679 -0.0177425 -0.00860732 -0.175599 0.111705 -0.105704 -0.0817251 -0.0494565 0.239573 -0.16103 0.049687 -0.103567 0.112201 -0.0360738 -0.086833 
0.07703 0.0751427 -0.161908 -0.0382841 -0.0335803 0.184855 -0.0722037 0.140644 -0.0145315 -0.12853 -0.191207 0.181148 -0.192263 0.0814992 0.156998 -0.12949 0.15254 -0.148915 0.116216 -0.160157 0.0015859 0.0211253 0.06419 0.19193 0.045677 -0.0738125 0.0788613 -0.0955993 -0.183645 -0.0913236 -0.032421 -0.178495 0.170941 0.105453 0.198245 -0.0865056 -0.126712 -0.161434 -0.0813702 0.132651 -0.19644 -0.147855 0.199947 -0.0100503 -0.0541812 -0.0910614 -0.0224465 -0.0709257 -0.144674 0.0268311 0.155883 0.18334 0.00965469 0.184671 -0.0866124 0.158502 0.165008 -0.0708792 -0.112226 0.0582377 0.114417 -0.136875 0.195993 -0.108334 -0.0816351 -0.144186 -0.187693 0.0978998 -0.126149 -0.0734686 0.089226 -0.0157999 0.125291 0.0952941 -0.0435354 0.208337 0.155817 -0.00393424 -0.0583468 0.114607 0.112834 -0.161907 0.0927144 0.138103 -0.117013 0.168551 -0.0604779 -0.075613 0.00870261 0.141912 -0.0589535 0.158783 -0.0192666 -0.232594 0.0361609 0.162242 -0.164111 0.112489 -0.191134 0.0242318 
0.0255733 -0.0897615 -0.178655 -0.0430163 -0.179273 0.0115486 -0.0522001 0.0596975 -0.175989 -0.081858 -0.0942016 0.131833 0.173092 -0.0933747 0.0797704 0.141251 0.00503409 -0.194381 -0.0465097 0.115568 -0.1946 0.107805 -0.145339 0.000508062 0.0388453 -0.178346 -0.0716348 0.0195031 0.0763321 0.100043 -0.198888 0.0908578 0.0791873 0.123799 0.1115 -0.0535887 0.0820102 -0.0979254 -0.132893 -0.0581408 -0.16429 0.0204079 0.131093 -0.145664 0.0691653 0.195116 -0.142354 0.0454958 0.0867516 0.0927907 0.142547 0.122036 -0.170616 -0.138813 0.161941 0.180765 -0.177837 0.0668057 -0.173316 0.00646107 -0.0554083 0.0976374 -0.0588161 -0.161282 -0.0738639 -0.11174 -0.0144872 -0.024824 -0.184737 0.106845 -0.0326916 0.0635565 0.131329 0.0463667 0.165546 0.13261 0.0599625 -0.192238 0.0615245 0.162974 0.136078 0.101362 -0.096431 0.0577966 0.152343 -0.134072 -0.0169873 0.171372 0.0705927 -0.0822247 -0.0841198 0.0539429 -0.162805 -0.0342319 0.0468469 -0.0238799 -0.00228021 -0.1935 0.0869296 0.0945947 
-0.00305722 0.175345 -0.00300963 0.15648 -0.0532739 0.172149 -0.160003 -0.0770794 -0.0618524 0.0345391 0.192225 0.161443 0.0965944 0.143138 -0.154775 0.063852 0.0583734 -0.115424 -0.163718 -0.0428652 0.00239109 0.0750594 -0.00664021 0.0573147 0.151009 0.156276 -0.117964 0.164592 0.0463904 -0.174811 -0.11047 -0.0763213 0.0554063 -0.00995593 -0.0677232 0.176008 0.0683861 0.170256 -0.197506 0.0238797 -0.0777334 0.210436 -0.0448327 -0.0637464 -0.089444 0.164266 -0.0995581 -0.223785 0.0370263 0.00874632 0.0996432 -0.0713003 -0.0664008 0.0702728 0.116917 -0.143592 -0.158542 0.0521295 -0.076336 -0.083304 0.000141782 0.00187343 -0.0401092 0.087771 -0.19715 0.0373145 -0.131525 -0.0385984 -0.0962547 0.118412 0.0227405 -0.147251 0.0234338 -0.0553197 0.138212 0.0836741 -0.021489 0.0148389 -0.139949 -0.111101 -0.0637791 0.180713 0.0956744 -0.196663 0.0414104 0.179941 0.0691832 0.00311407 -0.0526878 0.0250448 0.0709398 -0.0614376 0.168966 0.0875294 -0.189015 0.109168 0.129617 0.0252238 0.0840475 -0.076296 
-0.228201 -0.00443915 0.114656 0.178985 -0.144627 -0.0290759 0.207755 0.0611547 -0.115681 0.0681207 -0.142515 0.151782 0.0141157 -0.170878 -0.17284 0.0261145 -0.161846 0.0284548 0.0242147 -0.164804 0.134526 0.0112851 -0.0531651 -0.100215 -0.177675 0.0019219 0.0260384 0.136166 -0.119601 -0.0363263 0.129933 -0.132439 0.111267 0.119746 -0.118517 0.0487121 0.191736 -0.0157575 0.191861 0.0106895 -0.121966 -0.146213 -0.065934 0.131445 -0.0379315 -0.140062 -0.0723896 -0.028208 -0.107463 0.0530366 0.00890107 0.192108 0.090577 -0.118611 0.0625299 0.165037 0.161282 -0.167918 0.134333 -0.0035804 -0.135517 0.139963 -0.138724 -0.197371 0.119798 0.0705989 -0.0726459 -0.132713 -0.161091 0.0987952 0.20343 -0.137596 0.14296 -0.0805878 0.173351 -0.116388 -0.0451239 0.0244226 0.110822 0.0825854 0.121383 0.0469346 0.12958 -0.0826034 -0.0883127 -0.0850506 0.18955 0.0628195 0.181213 -0.146659 -0.0916094 0.0590528 -0.107801 -0.106361 -0.150062 0.00180991 0.148788 0.0197114 0.0807649 0.0567319 
-0.285902 -0.12569 -0.00509064 0.0188274 0.0915112 0.0340465 0.0552024 0.117058 -0.193174 -0.168301 -0.138152 -0.116749 -0.13361 -0.130662 -0.198247 -0.0398128 -0.00479453 -0.226998 0.056373 0.136816 -0.182374 -0.110282 -0.109676 -0.159134 0.0953017 0.177571 0.0352346 0.0601222 0.167098 0.154184 -0.0900395 0.0767347 0.116219 -0.138224 -0.16099 0.128271 0.0228742 -0.0110801 -0.164624 -0.0335875 0.0965136 -0.116909 0.1664 0.0863798 0.099807 0.0435678 -0.125272 0.0579919 0.098687 0.124076 0.0794824 0.00137833 -0.0417812 -0.0830168 0.144782 -0.173062 0.0737448 -0.171371 -0.0215066 0.0790655 0.221282 0.201409 0.125876 -0.0551453 -0.158269 -0.135163 0.0474831 -0.0347285 0.0649147 -0.0487383 0.14692 0.0977785 0.0698291 -0.142389 -0.152251 0.0949913 0.0646454 -0.115438 -0.178764 0.0252688 -0.122543 -0.0174422 -0.0758818 0.0580637 0.00547087 0.0110722 -0.0388594 0.103673 0.162116 -0.113291 -0.050074 0.095273 -0.118475 -0.0364639 -0.133772 -0.156555 0.0152561 0.00288424 0.155347 -0.0341061 
-0.252758 0.0376705 -0.151897 0.13942 0.0774347 -0.134945 -0.0702186 -0.131297 0.102027 -0.0466053 -0.079308 -0.0201384 -0.0103777 -0.197535 0.159942 -0.160496 -0.060013 -0.0372975 -0.0733819 0.0411923 0.094995 -0.0569996 -0.0733037 -0.177258 0.149385 -0.0564066 0.1076 0.0813167 -0.0101647 -0.123339 -0.00898669 0.00594934 -0.161952 0.127174 -0.154465 -0.0319131 -0.0902457 0.130529 -0.063651 0.105988 -0.146436 -0.0463989 0.264617 0.0349031 0.189423 0.0257972 0.111164 0.112386 -0.0187585 -0.112079 -0.166779 0.12784 0.117672 -0.165133 -0.149414 -0.0698051 -0.180247 0.0138654 -0.0697111 -0.0037932 0.129689 0.0183465 0.0539994 0.182485 0.149361 -0.0967901 -0.12015 -0.14476 -0.0218719 -0.0508859 -0.139062 -0.119081 -0.15011 -0.153778 0.190305 0.0362267 -0.109608 -0.15849 0.0169268 -0.0582879 -0.0220106 0.0489134 -0.0118192 -0.056603 0.135868 0.206223 -0.0304879 -0.0594162 -0.128222 -0.0532396 0.162243 -0.0473167 0.0993561 -0.121524 0.131221 -0.0659558 0.197379 -0.0514723 0.0986354 -0.25739 
-0.149345 0.0589245 0.0993371 -0.107275 -0.147988 0.0408118 -0.0780178 -0.0574813 0.0456189 -0.121723 0.13303 -0.0199702 -0.089676 -0.038012 0.0274047 0.0658697 0.171829 -0.0216481 0.179575 -0.0364092 -0.0934388 0.13297 0.130182 -0.059669 -0.126527 -0.0792395 0.167232 0.186008 0.191239 -0.128743 -0.199395 -0.096906 0.140089 -0.0859542 0.0396056 0.0452543 0.118927 -0.116704 -0.150228 0.182888 -0.0187966 -0.0263412 -0.184242 -0.18146 0.158279 0.0112301 -0.191651 0.127618 -0.0322941 0.152895 0.0757658 0.178432 -0.159759 -0.166137 -0.05656 -0.158962 0.191308 -0.0798944 0.0143811 -0.192322 -0.131063 0.0750989 0.0835888 -0.0875836 0.125139 0.143451 0.0975069 -0.198702 0.197907 -0.178066 -0.110348 0.0657286 -0.0834018 -0.0725997 -0.175391 -0.00105153 0.079551 0.177366 0.148806 0.0665155 -0.129373 0.0322373 0.0176531 -0.012374 0.0640639 0.0423912 -0.187093 -0.192993 -0.0916567 -0.0264888 0.0138993 -0.0152384 0.1893 -0.0964816 0.173674 0.0189573 0.0317694 -0.187455 0.0916575 -0.0701602 
0.0424189 0.0987455 0.165007 0.118473 -0.0549076 0.0493497 -0.0672979 0.0834828 0.0426095 0.153084 -0.139412 -0.103421 -0.132862 -0.162377 -0.0814235 -0.0542327 -0.125676 -0.0511084 -0.00428554 0.106419 0.146333 0.163433 0.029459 0.120554 -0.0969107 0.0425217 -0.11615 0.154079 -0.117171 -0.127788 -0.200316 -0.199901 0.183699 -0.18559 -0.0967847 0.000727463 0.0326955 0.193934 -0.00358597 -0.125646 0.0435422 0.0805101 -0.173048 0.125792 0.0870808 0.187526 -0.0874602 0.0204953 0.116006 0.0552931 -0.000704402 -0.00330585 0.047334 0.198371 0.178097 0.168744 0.0481411 -0.0561689 -0.028752 0.0597394 0.0514466 -0.187395 -0.0072433 -0.172533 -0.0601638 -0.187996 0.075858 -0.0374688 0.195998 -0.182289 -0.0443309 0.0157728 0.154174 0.0340297 -0.0746418 0.0258026 -0.0658073 0.0656107 -0.115196 -0.0369521 -0.0196453 -0.0568365 0.114351 -0.00382575 0.0798463 0.0635634 -0.112339 -0.0107586 0.149119 -0.13136 -0.00975435 0.171464 0.0951015 0.156878 -0.0312961 -0.142312 0.0427262 -0.0680823 -0.165999 -0.0768401 
-0.0862741 0.0348432 -0.071008 -0.155347 0.104976 -0.114244 0.0280835 -0.171952 -0.0550047 0.0133594 -0.0436749 -0.0438113 -0.133678 -0.0521795 0.063842 -0.0586174 0.0963454 -0.0483943 0.0774011 -0.0415587 0.170699 -0.00249242 0.0633045 0.0227629 0.180372 0.192348 0.0657416 0.16684 -0.162971 -0.1841 -0.154674 0.135904 -0.163399 -0.0961607 -0.168437 -0.190379 -0.036819 -0.0840317 0.052338 -0.125114 -0.0393189 0.268554 0.0149914 0.072902 -0.251461 -0.0978454 0.000656045 -0.219769 0.0252895 0.0341003 0.0510765 0.193776 0.0366251 -0.0278939 -0.0401206 -0.177582 -0.176952 0.263898 0.148041 0.136324 -0.196133 0.183558 0.0466805 -0.177207 0.0664579 -0.0308048 0.0909875 0.00234643 -0.199507 -0.0362371 -0.0623634 0.140856 0.15708 0.0739873 -0.0820689 0.166853 -0.103476 -0.0260176 0.0888135 -0.0736135 -0.164409 0.0662944 -0.0378208 0.102681 -0.157225 -0.0239295 0.0385395 0.0512163 -0.111789 -0.117733 0.0664944 -0.139149 -0.134663 0.00654295 0.040433 0.174262 0.0953371 -0.0720147 0.0480271 0.262574 
-0.24776 0.0151291 0.01436 -0.188428 -0.187287 0.131236 0.158853 -0.104344 0.0913371 0.0240327 0.191392 -0.108954 0.086342 0.132294 -0.191663 0.128671 0.175106 0.0280989 -0.0843076 0.0304392 -0.126379 -0.199915 0.136814 -0.128759 0.142254 0.192451 -0.0556501 0.00271255 0.106184 0.121039 0.00715893 -0.143299 -0.10967 -0.161094 -0.185559 -0.131288 0.0847409 0.0581295 0.071839 0.175826 -0.190066 -0.179572 0.202685 0.0353555 0.214396 0.123702 -0.0509392 0.0646038 -0.202494 0.189728 0.160961 0.00670254 0.135534 -0.0513842 -0.148941 -0.0681401 -0.139494 -0.0811919 -0.0187709 0.0265599 -0.0627079 0.0607475 0.134837 0.0769168 -0.181759 -0.186052 -0.0216449 -0.0558431 0.0935944 0.155616 0.0950299 -0.0759342 -0.0995181 0.0636774 0.193485 0.019865 0.123559 -0.203385 -0.0414892 -0.0326752 0.106861 0.16662 0.161801 -0.051901 -0.0768527 0.0591765 0.110158 -0.0511925 -0.127596 -0.151957 0.129819 0.128174 0.118718 -0.0181632 0.128302 -0.132631 0.183646 0.00350467 -0.0437633 -0.0385677 
0.0548606 -0.14103 0.167438 -0.167176 0.129839 -0.0487487 -0.0844515 -0.0984103 -0.169405 0.0718475 0.0897691 0.0287477 -0.108729 -0.118119 0.164104 -0.126496 -0.186038 -0.100969 0.170667 0.178051 0.0927073 -0.163514 -0.180961 -0.0782776 0.192896 0.112939 0.00326476 -0.0500208 -0.0381985 0.0143542 -0.0218798 0.0222195 0.161576 -0.111219 -0.0382369 -0.117244 -0.122896 -0.149973 0.05961 0.0829267 -0.0257683 -0.148315 0.167142 -0.00807172 -0.160471 -0.0113602 -0.134831 0.0408385 0.144692 0.112406 -0.101926 -0.132929 -0.0621106 -0.14457 -0.133384 -0.128825 -0.190089 -0.0417238 -0.0928095 -0.0459463 -0.156064 -0.166087 0.159924 0.0786027 0.0403026 0.0934957 -0.0663076 -0.0424971 -0.17045 0.0822724 -0.0279255 -0.183835 -0.0333681 -0.0760831 -0.0386301 0.0824432 -0.0309182 0.196027 -0.0545443 0.0727317 -0.0257601 -0.182432 -0.0644485 -0.133544 0.100149 0.15206 0.112024 -0.168773 0.100189 -0.182788 -0.10566 0.0569276 0.151211 0.131019 -0.0861084 0.107888 0.0278585 0.114358 -0.00293714 0.081925 
-0.0141859 -0.0240402 -0.152524 -0.182399 0.0138689 0.130281 0.137413 -0.129237 0.0623656 -0.150097 0.0916698 0.178943 0.0422095 0.0175561 0.00772655 0.0695378 0.178425 0.0581551 -0.186254 0.195133 -0.155349 -0.176664 0.170515 -0.172577 0.152689 -0.123965 -0.14024 -0.0857627 -0.087812 -0.089535 -0.135011 0.0962923 -0.0741782 -0.0412716 0.147116 0.166576 0.0401575 -0.00403009 0.0766682 -0.118227 0.0600545 -0.0548626 0.00603894 -0.19296 -0.199367 -0.036705 -0.0251527 -0.0831419 0.0910153 0.0292801 0.134292 -0.135129 0.0704626 -0.169245 0.0578631 0.15713 0.0946075 -0.075255 -0.0503967 0.0886662 -0.0640151 -0.0941277 -0.200317 0.105486 0.0727921 -0.169645 0.0989957 0.00229119 0.0706458 0.147346 -0.0229307 0.185806 0.110594 -0.106911 -0.0478014 -0.171931 0.0197175 -0.19404 0.0491586 0.080707 0.1249 0.0535972 0.117859 -0.168926 0.113351 -0.0419472 -0.133775 0.122323 -0.0811542 -0.158994 0.130497 -0.0517798 0.0964611 0.026372 0.0710645 0.150314 0.0412807 0.0115863 0.150239 -0.141849 
0.0554036 -0.10394 0.0632436 0.190399 -0.129697 -0.0802268 -0.0112506 0.0301442 -0.139373 -0.136617 -0.02747 0.0714765 -0.13061 0.0811422 0.0788397 -0.0182804 0.171116 0.108477 0.0388482 0.134226 0.0944 0.130881 0.106202 0.160054 0.120836 0.163273 0.186991 0.0244625 -0.0756402 -0.0438311 -0.00880084 -0.0276026 -0.139914 -0.114022 -0.0796574 -0.00534513 0.0994857 -0.0318158 -0.0271475 0.114672 0.18704 0.0161135 0.104624 -0.0942897 0.0940346 0.153559 -0.0973817 0.0411117 0.0502227 0.0145119 0.182055 0.173459 0.196082 0.032083 -0.108692 -0.187338 -0.0239651 -0.100597 0.0781972 0.178447 -0.103082 -0.163674 0.106364 0.174918 -0.0117136 -0.0856212 0.107743 -0.132432 0.056463 -0.126283 0.0945152 0.073978 0.167333 -0.0212052 0.0730891 -0.149271 -0.149632 0.10111 -0.0437651 0.0341204 0.150694 0.0899211 -0.123948 0.16515 -0.156357 -0.132097 0.0683398 -0.178578 0.0779284 0.0717831 0.16541 -0.0252075 0.106418 -0.051538 0.184408 -0.128383 -0.165344 -0.118381 -0.080511 0.0498008 
0.292466 -0.093745 0.117818 0.0448831 0.122816 -0.121293 -0.00366796 -0.178178 0.0390741 0.133346 0.0372089 0.026058 0.154326 -0.164446 -0.0852384 -0.0192307 -0.132186 -0.117707 -0.102409 -0.0691405 -0.141575 0.146078 0.174589 -0.135454 -0.174238 0.0930239 0.193733 0.0551271 0.0699608 0.142396 -0.16869 0.0793939 -0.0971376 -0.0175637 0.121672 0.154989 -0.053195 0.116249 -0.0727081 0.161882 0.11311 0.140811 -0.179303 0.0424136 -0.281151 0.0304235 -0.0121595 -0.270347 -0.0672444 -0.104396 0.1107 0.109533 0.169942 0.0214968 -0.0250721 0.188103 0.199153 -0.0629764 0.00161157 -0.0611778 -0.0189055 -0.0938787 -0.168302 0.0484367 0.0354344 -0.154797 -0.0739596 -0.0860709 0.131466 -0.179026 -0.158353 -0.0399547 -0.0657978 -0.0805774 -0.10517 0.157597 -0.0497334 -0.0280581 -0.00340959 0.133826 -0.00215051 0.164801 0.0729774 -0.149761 -0.0126439 -0.082605 -0.166289 0.198505 0.14016 0.112947 0.069737 -0.0575583 -0.179057 0.05734 0.102096 0.0881052 0.122378 -0.125091 -0.116162 0.150969 
0.271261 0.108008 -0.165096 -0.00494334 0.176456 0.196215 0.114984 0.00315662 0.180301 -0.10264 0.121536 -0.0688308 0.0866315 0.191437 -0.15242 0.0595332 -0.0288437 0.109969 0.0874766 -0.158399 0.189166 -0.00139271 0.15106 -0.154015 -0.139769 0.189048 -0.172857 0.0340336 0.0500906 0.200914 0.186479 -0.185317 -0.185083 0.128117 -0.0941588 0.188305 0.139299 -0.0773397 0.0955718 -0.0165936 -0.093474 0.109841 -0.0630276 -0.13792 -0.0694959 0.189187 -0.000888839 -0.134907 -0.130419 0.16546 -0.000415597 -0.0386954 -0.0235758 0.0856115 -0.0293437 -0.10321 -0.0612411 0.25209 0.0752916 -0.174407 -0.101109 -0.170833 -0.132197 -0.00138868 -0.167475 0.148016 -0.0158757 0.141758 0.0659957 0.174379 0.0333287 -0.0760446 0.148603 -0.0547455 0.0917979 0.176477 -0.118864 -0.137363 0.191367 -0.173372 0.11495 -0.107403 -0.102051 0.0441722 0.101948 0.0273231 0.000611506 -0.162352 0.13958 -0.0562592 -0.0763108 -0.188685 0.0536494 0.0339994 0.00398845 -0.145581 0.19512 -0.141869 -0.127399 0.180629 
0.00543276 0.0881435 -0.0118507 -0.0788868 0.00528462 0.0513713 -0.00400411 0.192735 -0.194328 -0.0962693 0.00851891 -0.0830292 0.042947 0.173069 -0.113401 0.165578 0.00346511 -0.0827912 -0.114674 -0.0544595 0.155281 0.0310201 -0.13195 -0.0262817 0.0184265 -0.0470115 -0.173953 -0.19757 0.123881 0.156987 0.06357 0.0375458 0.133745 0.0180719 -0.0536258 0.0169404 0.0892113 -0.204748 0.0709729 0.105283 -0.101879 -0.105281 0.127687 0.152816 -0.196497 0.152197 -0.0667644 -0.226623 -0.177741 0.0915875 0.0674424 -0.0844925 -0.156805 0.0671865 -0.0903071 -0.0235347 -0.0135167 -0.00154806 0.126334 -0.169062 0.0374255 0.106225 0.0102325 0.0632206 -0.178302 -0.101946 -0.110204 -0.0198021 -0.16613 0.0793185 0.0627314 0.127317 0.192872 -0.197835 0.00478653 -0.123504 0.0773413 -0.0724671 -0.0837127 -0.182847 -0.18237 0.0371048 -0.126166 -0.167426 0.0330059 0.0311594 -0.204313 0.162156 0.0857083 -0.140276 0.0157615 0.132 -0.0274826 -0.0461904 0.0664771 0.0565196 -0.0195298 0.164691 0.0253647 -0.0602292 
0.268736 0.0320891 0.050844 0.00962666 -0.0788134 -0.0983379 0.0195389 0.0964141 -0.00249097 -0.140415 0.0376272 -0.0200368 -0.110518 -0.118283 0.0524196 -0.193334 -0.13472 -0.00992772 -0.105923 -0.121461 0.0510941 0.156344 0.0643437 0.0159346 0.114604 0.117997 0.0757725 0.127821 -0.101693 0.148597 -0.101939 -0.0673781 -0.184369 0.0704063 -0.0119267 0.191177 0.142394 0.12885 -0.0852273 -0.175276 0.0983145 0.185304 -0.138194 -0.0666662 -0.0207822 -0.010034 -0.12227 -0.0237139 -0.0180486 -0.194179 -0.0902619 -0.0129622 0.0069199 -0.116384 -0.0288719 0.0978463 0.0160864 0.248747 -0.054158 -0.0804686 -0.217403 -0.0562987 0.211301 -0.092178 -0.0895723 -0.0900579 0.12774 -0.0114275 0.197691 -0.173891 -0.105279 0.00647921 -0.0166188 0.148571 0.0770076 -0.0157557 0.0809447 -0.172222 -0.162226 0.165454 0.0974076 0.0119285 0.18655 0.154165 0.0866124 0.0629503 -0.181778 0.165369 0.101981 -0.0236012 -0.182828 0.135465 0.0212404 0.0102251 -0.088172 -0.0694079 -0.0871278 -0.123507 0.0745725 0.232544 
-0.0615677 -0.000987909 -0.0228271 -0.0251175 -0.0835817 -0.153105 0.0954231 0.0861643 -0.0622627 -0.052986 -0.064877 0.0702759 0.0276905 -0.118438 0.0620684 0.0328435 -0.116479 0.108472 0.0186511 -0.0479726 0.0435385 0.101588 -0.123543 0.0243145 0.0846022 -0.146784 -0.07849 -0.0843078 0.16617 -0.00449601 0.113724 0.147868 -0.100222 0.113736 0.19792 -0.114728 -0.111569 -0.182893 0.0754457 -0.0588996 -0.0145311 -0.0432005 -0.036295 -0.0557991 -0.0807909 0.137537 0.0401941 0.0450405 0.0945182 -0.0266754 0.0398869 -0.0929926 -0.159313 -0.0902904 -0.0127357 -0.056816 0.0356768 0.0978006 0.150343 0.110946 0.16375 -0.0686448 0.0473193 -0.112027 -0.00111294 -0.174245 0.0207394 -0.193802 0.175738 0.0446428 -0.157971 0.0339846 0.0047407 0.162345 0.0954532 -0.0664395 0.0290267 0.0951734 -0.00444871 0.140428 -0.0203575 -0.134267 0.19832 -0.17736 -0.0354932 -0.131372 0.0720657 0.0259825 0.140934 -0.108574 0.0981866 -0.0594196 -0.0721997 -0.0677765 -0.115322 0.142351 -0.177586 0.191918 0.149109 -0.116039 
-0.0753749 -0.0201796 0.132452 0.0608962 0.18568 -0.110314 0.000364229 -0.13433 -0.0742891 0.00261077 0.00643034 0.0626442 0.138793 0.108216 0.0716871 0.151819 -0.0776232 -0.0818701 -0.140397 -0.211043 0.0486586 0.0412573 -0.0473682 -0.0557604 -0.0933712 0.118269 0.13755 0.0872882 -0.0775016 -0.0147082 0.00390188 0.123723 -0.161931 -0.120734 -0.00382823 0.019258 -0.0447658 0.0869491 0.0162263 0.173911 -0.0916554 -0.09449 0.0172755 0.0709319 0.0174729 -0.127435 0.119396 0.185862 -0.0508393 -0.153244 -0.0484751 -0.0866226 0.175109 -0.168413 0.184957 0.0467683 -0.0359419 -0.200425 -0.106015 0.180112 0.170168 0.0447336 -0.17679 0.0574579 0.0036933 0.159856 0.0569739 -0.120978 0.160306 -0.192896 -0.0501024 -0.0808703 -0.110276 -0.184113 0.0845471 0.0873731 -0.146583 0.0746493 -0.0411681 -0.188161 -0.185506 -0.0796447 -0.100145 -0.0494197 0.118495 0.0525783 -0.00584448 -0.00269732 0.0567971 0.129954 -0.111416 -0.0853127 0.127693 0.104202 0.094036 -0.172396 -0.107392 0.118939 -0.0233995 -0.138205 
0.000820373 0.0230799 0.0437402 -0.11804 -0.0638247 -0.153888 0.0297946 -0.0643785 -0.0419228 0.0663847 -0.0145819 -0.0915066 0.0335934 0.0661265 0.0225632 -0.010406 -0.100418 0.199473 0.09002 -0.141373 0.181179 -0.0343524 -0.00693752 0.0299592 0.0701362 0.197384 0.0822988 0.0295319 0.062634 0.109188 -0.0517195 -0.0670797 0.0544627 0.180387 0.0390267 -0.158181 0.190755 0.134159 0.0793111 0.025342 -0.152309 0.119519 -0.170157 0.105406 -0.0699828 -0.0347093 -0.0986741 0.06494 0.147972 -0.0851084 0.0753394 0.0841804 0.0883464 -0.133101 -0.0564193 -0.127875 0.199524 0.127992 0.0385982 0.0818025 0.0444933 -0.0291313 -0.0883603 0.156468 -0.0837289 -0.132656 -0.102254 0.137518 -0.0142778 0.163604 0.0577491 -0.122306 0.152306 0.0345874 0.0886724 0.119062 0.134555 -0.187314 -0.0731105 -0.162334 0.101318 0.118464 0.15517 0.113453 -0.120039 -0.177418 -0.0194637 -0.178418 0.0226537 -0.176335 0.00835245 0.122471 0.118351 0.244213 0.140125 -0.157131 -0.103938 -0.0522277 -0.16422 0.128242 
0.0479563 -0.00319114 -0.19469 0.0108438 -0.128014 0.0244246 0.119798 0.170641 -0.0414449 -0.0191864 -0.0457047 -0.0300794 0.11396 0.175588 -0.167915 0.0809685 -0.157929 0.0285725 0.184326 0.133986 -0.160979 -0.192793 0.181016 0.157434 -0.044693 -0.062042 -0.14404 -0.00286046 -0.122135 -0.193701 -0.15979 0.087287 0.110746 -0.128788 0.196687 -0.01931 0.0962914 -0.00806668 0.160897 0.121795 0.0628822 0.154111 0.155039 0.18604 0.0964659 -0.0497901 0.0872417 0.0858246 -0.155026 -0.151979 -0.131224 0.124801 0.0301216 -0.0568963 0.149229 -0.0094556 0.0327964 -0.177971 -0.0426723 0.11163 -0.139225 0.157158 0.090996 0.0522902 0.179271 -0.00262662 -0.0261066 0.191061 0.0201088 0.16894 -0.119212 -0.111604 -0.191645 0.0758177 0.00964716 -0.101742 0.029256 -0.182067 -0.12252 0.157898 -0.172509 -0.134365 -0.0419241 0.039334 -0.108738 -0.101463 -0.115873 0.0516498 -0.0562014 0.115537 -0.132425 0.00703383 0.153333 0.0316104 -0.0292396 -0.106945 0.00018417 -0.170467 -0.0710027 -0.153969 
0.00729359 -0.0185312 0.00225642 0.00623262 -0.00146333 0.0126871 -0.0187 -0.000606992 -0.00782679 -0.00215927 -0.00136789 0.000292232 0.00300415 0.0141127 -0.00385033 0.0131192 0.00116261 0.0150167 -0.00640678 -0.00236061 0.000993709 -0.000235192 -0.00800142 -0.00984328 -0.00566233 0.00206785 -0.00832392 0.00312403 -0.00890915 0.010478 -0.000242874 -0.00797451 0.00718971 0.0185917 0.014914 5.24283e-05 -0.000608801 -0.00760999 -0.00453179 -0.00201341 -0.00455571 0.00951118 -0.00272626 0.00162662 -0.00603758 0.0165278 -0.000124093 -0.0110962 -0.00398848 0.00608651 
-0.434173 -0.56801 0.418107 -0.298767 -0.214396 -0.285576 0.320565 -0.0367699 0.183027 0.440436 0.0294087 0.563789 0.282446 -0.253341 0.390915 0.367675 0.144371 -0.649895 0.14003 0.118326 -0.138471 -0.0861698 -0.384739 0.453271 0.198264 -0.36814 -0.0307758 0.0252577 0.342596 -0.393281 -0.0408786 0.203379 -0.302529 -0.541184 -0.410172 -0.0852336 0.0323545 0.505053 -0.435015 0.0548688 0.121394 -0.312493 0.469986 0.466432 0.114767 0.420752 -0.068187 -0.356621 0.306931 -0.178517 
-0.117168 
