4
30 50 20 1 
2
0.01
0.195376 0.295531 0.182553 0.255846 0.151591 0.0373656 0.128048 -0.0670545 0.24168 -0.227348 -0.00997792 0.0947329 -0.047299 -0.119714 -0.0437163 0.200832 -0.0890518 -0.120546 0.217014 0.101005 -0.109151 0.265773 0.3192 0.0852246 0.209179 -0.0813911 0.356556 0.200367 0.218803 -0.106502 
0.237503 -0.0789729 0.225638 -0.0827775 -0.122294 0.0487822 -0.135168 -0.00227069 0.136544 -0.235248 -0.0318175 -0.063691 0.00877971 0.317779 0.0587954 -0.0118709 0.0128278 0.213634 -0.0162226 0.0594482 0.109041 -0.0391831 -0.0917041 -0.172273 0.101088 -0.102165 0.0441235 0.0846456 -0.135525 -0.103 
-0.0118707 0.173025 0.246096 -0.0801324 0.229885 0.235837 -0.0398373 0.224144 -0.062835 0.00925056 0.178199 0.228358 0.127869 -0.266422 -0.0128955 -0.216855 0.10954 -0.215027 0.107073 0.176853 0.191312 0.181961 -0.244471 -0.275952 -0.188208 -0.212955 0.122884 0.0178506 -0.287222 -0.171805 
0.252012 0.111465 0.243612 -0.134007 -0.101077 -0.0948108 0.244527 0.0518443 0.0503435 -0.216183 0.0721932 0.228272 0.0130675 -0.170173 0.257739 0.206029 -0.145418 0.134782 -0.0797222 -0.166571 0.121896 0.257141 -0.230573 -0.292054 -0.00560978 0.176037 0.223221 0.233379 -0.139151 0.155099 
-0.123238 0.227733 -0.258469 -0.204339 0.0788752 0.176384 -0.0224475 -0.173168 0.217729 -0.0256195 0.195227 -0.106938 0.233564 0.17683 0.0874904 -0.0227172 0.00455737 -0.0854352 0.0246322 0.2565 -0.108497 -0.219283 0.258917 0.19485 0.138317 0.0159424 -0.0900247 -0.019488 -0.192781 0.196415 
0.225655 -0.145407 0.264946 0.245306 0.0933254 -0.0129112 0.266857 0.0740715 0.216018 0.202949 -0.157803 0.0154219 0.128727 -0.186647 -0.117313 -0.217203 -0.0173287 -0.131427 -0.226563 -0.0987361 -0.164999 0.343895 0.177607 0.187179 0.0747033 0.266729 -0.125175 0.11588 0.107923 -0.105014 
0.0531698 -0.168046 -0.108161 -0.0329082 0.0109988 0.224299 -0.0146657 0.0443918 0.0980161 -0.197454 -0.281225 0.219888 0.0378447 -0.146674 -0.0650242 0.171868 -0.0530301 -0.0809645 0.116973 0.150829 0.139352 -0.233689 -0.132981 -0.0613409 -0.0141278 -0.168954 -0.034361 -0.14654 0.128054 -0.167194 
0.00158614 -0.109067 -0.0212894 0.271057 0.221221 -0.101194 0.197658 -0.109923 0.2643 -0.168014 0.106035 0.0996863 0.0333835 -0.0470416 0.147462 0.218764 -0.161986 -0.181479 0.0334714 0.073344 0.240737 0.145494 0.173582 0.0518725 -0.11354 -0.0651771 0.241854 -0.186307 -0.152421 0.107387 
0.052821 0.17143 -0.0790731 0.0253553 -0.224523 -0.0785391 0.0329364 -0.0358229 0.248679 -0.176383 -0.226924 0.130468 0.100443 0.136696 0.140085 -0.082574 0.227035 0.211636 0.00695795 -0.0866688 -0.116673 0.177746 0.204706 0.256497 0.21957 0.097143 -0.0108835 -0.139711 -0.064829 -0.272038 
-0.0867792 -0.0321593 0.172575 -0.0294909 0.290726 -0.00461144 0.225653 -0.0471437 -0.130028 -0.24881 -0.116662 -0.253601 -0.207535 0.184535 -0.226947 0.0198095 0.0494135 -0.0834424 0.220992 -0.219975 -0.187385 -0.160056 -0.198606 0.210092 0.0485206 -0.238756 0.208001 0.0917747 -0.17576 -0.246893 
0.0418282 0.057719 -0.229504 -0.272789 -0.182669 -0.23873 -0.021702 -0.111486 -0.0859662 -0.162729 0.0242128 -0.224319 -0.0673344 0.242012 -0.245156 0.246528 -0.184605 -0.237421 0.154536 0.237498 -0.0532654 0.0418858 -0.128801 -0.232086 -0.138696 -0.00150729 0.237196 -0.180438 -0.103467 0.130014 
0.152841 0.0488732 -0.252553 -0.165947 -0.0730344 0.0793938 -0.231894 0.0144668 0.101383 0.23175 -0.0708289 0.133252 -0.195089 0.148532 0.0819732 -0.0801505 0.0766548 0.0545278 0.196726 0.100323 0.0958672 0.0951434 -0.0368365 -0.297668 -0.2038 0.0226032 0.210266 -0.156289 0.188927 0.0232581 
0.12299 -0.244358 0.137602 0.160412 -0.107167 0.14496 -0.0465244 -0.085701 -0.140493 0.0410542 -0.0852556 0.218876 -0.098551 -0.153513 -0.251661 0.209416 0.0335502 -0.242996 -0.139026 0.151885 -0.122371 0.0243204 0.0816966 -0.197519 -0.0674318 0.134134 -0.00954277 -0.0671965 0.0458892 0.116435 
-0.0292651 -0.225723 -0.00714805 0.192354 0.249456 -0.0372662 -0.0346624 0.0975101 0.0595352 0.0832707 -0.0860136 0.0719859 -0.0614148 -0.0458652 -0.0915214 -0.222245 -0.227841 0.19912 -0.213988 0.275911 -0.292308 -0.391072 -0.0739372 -0.0945889 0.0541483 -0.222954 0.095603 -0.327164 0.138939 -0.192898 
0.301704 0.257668 0.0393269 -0.162844 -0.208265 -0.00132736 0.143047 -0.0186908 0.049845 -0.238318 0.193129 -0.26375 0.241966 3.50615e-05 0.00231175 -0.142508 -0.0802325 -0.137971 -0.114833 0.0725614 -0.0346881 -0.0685937 0.237913 0.30041 -0.233712 0.042115 0.260768 0.256156 -0.23693 -0.0500999 
0.209579 0.176538 -0.00316295 0.115422 -0.250476 -0.182469 0.13238 -0.0425089 0.194843 0.0111456 0.0505701 -0.115635 0.273533 0.251028 -0.185355 -0.250797 -0.130419 0.067429 -0.124487 0.0282446 -0.0972606 0.0614784 0.189158 0.270982 -0.222897 -0.0318619 -0.0336603 0.321483 0.286272 -0.110596 
0.182491 -0.0312397 0.254381 0.173532 -0.261149 0.208013 0.0676717 0.0164333 -0.20424 -0.21318 -0.2692 -0.118543 -0.176926 0.182398 0.0322264 0.209348 -0.263956 0.253824 -0.064302 0.07217 0.127196 0.0743657 -0.0632208 0.21703 0.173468 -0.18488 0.0692993 -0.278115 -0.253979 0.0264487 
-0.180953 0.0944775 0.336406 -0.167089 0.233046 -0.183494 0.19833 -0.136795 -0.202515 0.0772731 0.0134759 0.174839 -0.158578 0.231027 0.0348268 0.164643 -0.0781332 -0.0225978 0.170806 -0.0158097 0.263203 0.0250635 0.351019 0.12057 0.171025 0.136408 0.326423 0.225417 -0.0923496 -0.177001 
-0.0319765 0.264212 0.0699205 0.0983593 -0.0272316 -0.158629 0.0933657 0.0361317 -0.0496998 0.143751 0.0176525 -0.196242 -0.143176 -0.0999916 -0.0228114 -0.056899 0.0874441 -0.252854 0.00944923 -0.167526 0.101925 0.00657569 0.0543542 0.0726935 0.000904665 0.086876 0.127016 0.147679 -0.0662601 -0.0402512 
-0.0464393 0.0677299 -0.220297 0.300683 -0.0859746 0.0309841 0.0586897 0.147518 -0.187432 -0.200486 -0.0321348 -0.147466 0.1281 0.0308472 0.0447441 0.136807 -0.112207 0.114418 -0.244685 -0.0326226 -0.0495389 0.133978 0.164076 0.200311 0.179465 0.121172 0.280267 -0.0270687 0.0804543 0.172654 
0.230934 0.134829 -0.0133293 0.0519979 0.136438 0.186615 0.040489 0.156256 0.11798 -0.24294 -0.25802 0.0608464 -0.00228511 -0.094838 0.162004 -0.0301001 0.0294936 -0.0961769 0.0632632 0.0402663 0.0316666 0.229823 -0.19582 0.159428 0.0540378 0.282686 0.297247 -0.123888 0.340549 -0.0613854 
0.217318 0.115836 0.155079 -0.109183 0.217545 0.105023 0.12205 0.247085 -0.116798 -0.169513 0.18186 -0.140644 -0.177047 -0.2364 0.180189 0.10044 -0.0386646 0.264597 -0.00786865 -0.0745471 -0.183292 0.225961 0.0205904 0.186975 -0.152665 0.276063 -0.0140961 -0.215462 -0.0735848 0.275309 
-0.0424086 -0.167942 0.16563 0.126216 -0.11435 -0.264237 -0.0808316 0.053309 -0.162659 0.214633 -0.120828 0.164167 0.12771 -0.262943 0.257861 0.00683608 0.204983 -0.019777 -0.0117109 0.185993 -0.09656 0.157395 0.264555 0.034694 0.185088 -0.0909504 0.146951 0.175242 -0.115251 -0.0402967 
-0.156798 -0.0601975 -0.128051 0.00113688 -0.115911 -0.134186 0.29689 0.0638457 0.235819 0.187602 0.063952 0.0596398 -0.112214 -0.251857 -0.181826 -0.0152234 0.208632 -0.117628 -0.152697 0.277577 0.231008 -0.214106 0.0903107 -0.0598274 0.219143 -0.171174 -0.214662 -0.209349 -0.0556295 -0.176138 
0.23632 -0.184571 -0.0247825 0.0927896 0.242583 0.0114126 0.182782 -0.0328307 0.133579 0.223405 -0.109975 0.231271 0.107166 -0.246472 0.108096 0.168645 -0.270955 -0.169557 0.233707 -0.113022 -0.101849 0.117099 0.185989 0.151418 -0.169562 0.192198 0.180624 0.0834653 -0.195634 0.0212701 
0.113846 0.0174397 -0.18311 0.0393068 0.255922 -0.104125 -0.117787 -0.0853972 -0.182845 -0.224162 0.147258 -0.0204452 -0.0127327 0.13283 0.0964734 0.118035 0.0100394 0.0791017 -0.177671 -0.261359 0.309462 0.277398 -0.0695975 0.129697 0.287289 0.246871 0.279981 0.213751 -0.18697 0.0507944 
0.28033 -0.224001 0.112408 -0.115873 0.140884 0.221116 0.0981608 0.00422274 -0.0175851 -0.113774 -0.0838646 0.213521 0.0826985 -0.0400694 0.0212697 -0.116635 0.208772 -0.0778269 -0.0279063 0.10897 -0.219457 0.13382 -0.102523 0.236699 -0.203721 0.0960994 -0.151137 -0.0235232 0.285101 -0.176711 
-0.0336274 -0.097896 0.234254 0.158761 0.109456 -0.150662 -0.240327 0.128417 0.16071 -0.247889 0.199721 0.107403 -0.213436 -0.184216 0.169433 0.0841161 -0.0683996 0.0425056 0.102559 0.243889 0.148704 0.0172983 -0.124241 -0.167617 -0.283877 -0.0195053 -0.130363 0.0486347 0.00221084 0.222795 
0.153601 0.173976 -0.0126819 0.24105 -0.0975735 0.0127499 -0.177665 -0.135118 -0.148961 -0.20454 0.111856 -0.176959 0.0359114 0.00638385 -0.106672 0.152854 0.0625735 0.0983976 -0.0210157 0.0577777 -0.119 -0.113512 0.137023 -0.00748859 -0.0387252 0.159224 -0.110598 -0.232773 0.10972 -0.0581705 
0.217159 0.00850489 0.274629 -0.162999 0.173216 -0.193681 -0.0840261 -0.203237 -0.206135 -0.225344 0.224227 0.244352 -0.155577 0.132096 0.13138 0.0247044 0.121805 -0.0757918 -0.0630683 -0.26605 -0.216726 -0.0888104 -0.0941461 -0.0421133 0.187965 0.134017 0.188019 0.201068 -0.00318526 0.190741 
0.0760672 0.176166 -0.0297436 0.098243 -0.126061 0.0478864 -0.205403 -0.0528663 -0.0639498 -0.152013 0.0618879 -0.10191 -0.12536 0.197483 -0.0490598 -0.273389 0.09369 -0.074771 -0.074588 -0.24334 0.116602 0.0780421 -0.132237 0.29443 -0.193601 -0.211583 -0.159617 0.241572 0.166963 -0.00726623 
0.210828 0.112056 0.212196 0.0380157 -0.189913 -0.0193278 0.138674 0.0965206 0.245338 -0.0297439 -0.260132 0.252528 0.0068226 0.0531296 0.252436 -0.157124 -0.220341 0.0384443 0.21701 0.166358 0.188157 -0.2369 0.215348 -0.0385593 0.146921 0.0735319 0.170145 -0.0799594 0.146636 -0.0553826 
-0.114995 0.290356 -0.0407278 0.0433002 0.124151 0.0674194 -0.0737079 -0.215244 0.240721 -0.234066 0.162229 -0.0773858 -0.1842 -0.0385809 0.111169 -0.17506 0.24281 0.0413239 -0.163982 -0.154059 -0.226881 0.0941823 -0.199024 0.00763836 -0.0976158 -0.102602 -0.0238475 0.292369 -0.0770912 0.083362 
-0.268947 -0.164354 -0.245967 -0.159872 -0.229281 -0.185144 -0.0915286 -0.327485 0.140694 -0.217 -0.359144 0.235608 -0.0215032 0.0579041 0.200106 0.168639 -0.0262887 -0.268743 -0.134415 -0.0299124 -0.320106 -0.0696665 -0.142255 -0.138419 -0.270467 0.0884001 -0.0497194 -0.198612 -0.131004 0.0499143 
0.234259 0.0998756 0.0742419 0.108414 -0.157748 -0.0154191 0.287996 -0.0860937 -0.166982 0.139258 0.232027 -0.0938305 -0.0830448 -0.240133 -0.029197 0.255159 0.261902 -0.233465 0.26172 0.20081 0.259417 -0.252721 -0.115038 0.0969799 0.278015 -0.106362 0.157788 0.0103909 0.131047 0.131951 
0.0716239 0.113733 0.106857 0.0190127 -0.0220264 -0.00813987 -0.234824 0.247633 0.130699 -0.041865 -0.135556 -0.167471 0.127041 0.282178 0.0408269 -0.192167 0.191304 -0.132827 -0.0874441 0.00618995 0.186589 0.0191111 -0.154291 -0.186199 -0.105861 -0.122205 -0.213399 -0.00586011 -0.073129 -0.0267907 
-0.220236 -0.0455845 0.0282465 0.0370912 -0.0955716 0.144112 -0.133163 -0.0487513 -0.00480121 -0.239868 -0.0389664 -0.132013 0.0202893 0.0587948 -0.0689989 -0.181992 -2.95574e-05 0.183039 0.197214 -0.197485 0.205655 0.226967 0.129814 -0.027485 -0.0254849 -0.0383289 0.267496 0.171518 0.0895919 -0.218308 
-0.109885 0.186522 -0.028186 0.00311007 -0.243339 -0.0229648 -0.197518 0.255369 -0.0212394 -0.0783815 0.133254 0.18015 -0.219763 -0.18795 -0.149923 0.115417 -0.138982 0.0574851 -0.196783 0.179439 -0.232672 0.111642 0.0639946 0.0501374 -0.17539 -0.216976 0.262015 -0.130992 -0.154077 -0.0126093 
-0.0835598 -0.10528 -0.258258 0.000985704 -0.295758 0.250669 0.17047 -0.173331 -0.17533 0.257873 -0.273891 -0.108853 -0.227695 0.2261 -0.12415 -0.0407351 0.273076 -0.0502697 0.0448781 0.157589 0.151644 -0.288804 0.131544 0.0719767 0.111543 0.0381691 -0.0305381 0.0883237 -0.20761 0.0580266 
0.23446 -0.0255912 0.148809 0.264984 -0.243486 0.236635 -0.213008 -0.0727235 0.023102 0.0904314 -0.203117 0.277619 0.147029 0.191733 0.103686 -0.103227 0.181876 -0.0880182 0.225376 -0.197064 -0.181112 -0.120725 0.00929395 -0.197379 -0.24748 -0.149712 -0.184537 -0.265334 0.215722 -0.171526 
0.275851 -0.012199 -0.173502 -0.221039 -0.177334 0.0632056 -0.0519759 0.208777 0.169955 -0.0402958 0.102297 0.0282189 -0.057088 -0.0970774 0.146327 -0.18881 0.010231 -0.0530856 -0.176827 0.0543032 -0.210005 -0.201078 -0.228104 0.233646 0.123842 0.209258 0.196285 -0.0342166 -0.099809 -0.127338 
0.13302 0.148916 -0.162243 0.0250243 -0.211977 -0.137664 0.0757508 -0.146765 -0.00143245 -0.166042 -0.00956503 -0.255088 -0.226141 -0.19625 0.0722611 0.110645 -0.241566 0.208344 -0.131662 -0.152888 0.0526442 -0.246229 0.209737 -0.240252 -0.253972 0.0905215 -0.144199 0.101303 0.173706 -0.0567567 
0.121009 -0.122946 0.18329 -0.312914 -0.0529036 -0.00742209 -0.0320902 -0.333117 -0.0976567 0.0428177 0.00608869 -0.162743 -0.00926604 -0.319396 0.0874724 0.107064 -0.252717 0.0421578 -0.0617573 0.116083 0.0640728 -0.0512393 -0.137207 -0.196584 0.151213 -0.318791 -0.31751 -0.0181524 0.00470255 0.141298 
-0.0176917 -0.101474 -0.206233 -0.0892819 0.147641 -0.0782624 0.215296 0.15522 -0.265532 0.133594 -0.191975 0.0312404 -0.240953 -0.0722065 -0.227795 0.113868 -0.11348 -0.171316 0.183421 0.0255677 -0.235321 0.101861 0.0868754 -0.285642 -0.159541 0.235733 -0.00136271 -0.32059 0.161508 -0.112947 
0.102233 0.0741898 -0.0406566 0.059825 0.277893 0.251905 -0.238552 -0.109307 -0.187255 0.266429 -0.17663 -0.106901 0.0591503 -0.0746043 -0.0931064 0.18385 0.0182926 0.10424 0.188099 0.0471712 0.201229 -0.103736 0.183628 0.192082 -0.101262 -0.0398128 -0.218014 0.188532 -0.140842 0.0538619 
0.118902 0.108729 0.117766 0.204904 0.0474475 0.0627768 -0.0506638 -0.0381083 0.0532702 0.146506 0.122834 -0.17561 -0.114184 0.0818263 -0.243443 -0.0410904 0.0656677 0.125151 0.080206 0.117399 0.222513 -0.0112268 -0.123706 -0.0511416 0.0578141 -0.158633 -0.114069 0.0778318 -0.270523 0.131459 
0.2881 -0.185127 -0.0481254 0.00515676 -0.0019268 -0.152949 -0.120074 0.224238 -0.112589 0.193238 0.30945 -0.0265476 0.031083 0.204354 0.219874 -0.220032 0.0212827 0.207931 0.0984203 0.107326 0.242332 0.105864 -0.0245534 0.0979917 -0.204377 0.07174 -0.0494185 -0.197144 -0.0250149 0.210719 
0.156757 0.00156168 -0.0223151 0.0207851 -0.16872 0.147936 0.0718535 0.268139 -0.0246961 -0.0538085 0.136972 -0.0280032 -0.120149 0.21971 0.0186885 -0.25798 -0.252532 0.276167 -0.0896449 0.102439 0.00212543 -0.0493149 -0.197369 0.202592 0.20546 0.220933 0.206355 -0.128196 -0.149051 -0.220869 
0.215427 -0.0471953 -0.0781759 0.206956 0.240955 -0.0977048 -0.252873 0.0490247 -0.0860126 0.0215476 0.0836558 -0.0657544 0.0371443 0.138741 -0.106768 0.0518393 -0.00958409 0.17484 0.0682 -0.139978 0.0216445 0.137291 0.0270394 0.0368141 0.109439 0.00432116 -0.236691 0.14732 0.0252396 -0.122705 
-0.268307 0.236529 -0.0892847 -0.136268 -0.0940725 -0.159788 0.0172155 -0.262494 0.133299 -0.221498 -0.199615 -0.211064 -0.249956 -0.164418 0.149246 0.226165 0.163474 0.200281 -0.261752 0.240926 -0.284756 0.0708347 -0.0599368 0.141482 0.181201 0.235671 0.0274128 -0.0105778 -0.015409 0.0655163 
0.0744011 -0.0757436 0.0270186 0.0200397 -0.000469995 0.0695823 0.062235 -0.00450974 -0.00536456 -0.0207536 0.0170631 0.0724184 -0.0420935 0.121917 0.0516938 0.050892 0.0197624 0.033291 -0.00967027 0.0285547 0.0250926 0.0387085 0.0117724 -0.046031 -0.0186147 0.0480377 -0.0549631 -0.0211953 -0.0351767 -0.0112624 0.0341683 -0.017244 -0.0238559 0.21413 0.0395777 -0.0566931 -0.0328029 -0.0236386 0.0221575 0.0416128 -0.0223533 0.0441422 0.102459 0.0746583 0.0252187 -0.00764418 0.00270256 0.0122364 -0.0309929 0.000591229 
0.175332 0.0260599 -0.200412 -0.180538 -0.0931158 0.0351926 0.173986 -0.00443038 -0.211935 -0.121133 -0.00296634 0.277866 0.165558 0.229951 -0.0211868 -0.0140037 -0.281362 -0.127622 0.0286792 -0.21845 0.154739 -0.0398665 0.0804565 -0.117536 0.100888 0.171487 0.038158 -0.126405 0.110761 -0.212309 0.257322 -0.281039 -0.180014 0.340115 0.0235791 0.262981 0.0216251 -0.0530781 -0.156552 -0.15549 0.0516511 0.190925 0.100847 0.125824 0.196743 0.0305767 0.0959677 0.282606 0.258013 -0.138732 
-0.284274 -0.0289697 -0.0582618 -0.212573 -0.295002 0.248843 -0.235667 -0.054873 0.258136 0.201481 0.000931113 0.180591 0.242428 0.145405 -0.254743 0.123356 0.202943 -0.0197695 0.247314 0.0523568 -0.22587 0.158203 -0.18351 0.078745 -0.256011 -0.0986598 -0.141823 -0.167999 -0.178248 -0.162743 -0.232841 -0.0181108 -0.00407231 0.041326 0.172635 0.236675 0.111383 0.162565 -0.0757082 0.0798022 0.249879 0.113267 0.0146656 -0.204191 0.194043 -0.269649 0.0228584 -0.00752362 0.0201233 0.207398 
0.21449 -0.105781 -0.191876 -0.239559 0.126111 0.226439 -0.0822666 -0.160672 0.0838059 -0.102757 0.0912989 -0.208181 -0.0597023 -0.168545 -0.26143 -0.253708 0.0978274 -0.198993 -0.291081 -0.0502445 -0.0509054 -0.205538 0.282243 0.00653198 0.0746302 -0.111169 -0.196109 -0.00914558 0.159062 -0.17943 -0.247658 -0.0749927 0.0605279 -0.216976 0.207599 0.0929205 -0.0245573 -0.00395079 -0.114937 0.0579653 -0.0828274 -0.0162262 0.0883278 0.0613318 -0.287898 -0.155218 -0.104386 0.283791 -0.12712 0.0825438 
-0.022841 0.220263 -0.123489 -0.136549 0.210191 0.118386 -0.030334 -0.160919 -0.250401 -0.148554 -0.0999622 -0.25558 0.0987682 -0.0455826 -0.240814 -0.0575126 -0.26656 0.0187084 -0.0079873 -0.290067 0.0405349 0.258487 0.221531 0.113199 -0.0789849 -0.0672366 0.145001 0.231953 0.223865 0.0560335 0.0721353 -0.297694 0.250166 -0.113886 -0.178186 -0.167233 0.0356478 -0.214391 -0.0889705 0.198233 0.225188 -0.136239 0.00501388 0.254762 -0.0324667 -0.219811 -0.0436865 0.226719 0.00574252 -0.148007 
-0.248865 -0.146358 -0.164804 0.19986 -0.241235 -0.0764082 0.0129436 -0.0366207 0.0716871 0.28753 0.334199 0.246018 0.250537 0.279169 -0.256517 0.225257 0.280372 0.0105423 0.222294 0.114782 -0.218285 0.154818 0.0848559 0.0549681 0.268075 -0.0701787 -0.259606 0.230783 -0.218561 -0.0660157 0.155663 -0.286626 -0.257372 0.378508 0.150203 0.0796622 0.0804442 0.0447996 0.31441 0.312858 -0.0618366 0.0131389 0.199804 -0.194901 -0.0561933 -0.145352 -0.095251 -0.0630338 0.00398175 -0.209746 
-0.265228 -0.154069 0.107734 0.228386 0.157624 -0.0540013 -0.1099 0.0288902 0.0966397 -0.00274 0.246788 0.219844 0.0340596 0.334329 0.0742156 -0.00286271 0.133028 -0.272564 0.0662656 -0.197711 -0.254243 0.287413 -0.029005 -0.0685559 -0.212404 -0.0693676 -0.187285 -0.0257474 0.0458558 -0.0528117 -0.120412 -0.0588515 0.173879 0.419462 0.267607 -0.10953 -0.218576 0.215769 0.111049 0.234294 0.227512 0.22147 0.317595 0.197349 -0.152209 0.263625 -0.205125 -0.257057 0.0479386 -0.0619525 
0.128471 -0.169081 0.250601 -0.00428309 0.138428 0.238203 -0.169192 0.16885 0.000445716 0.2496 -0.128129 0.228999 -0.266009 0.2154 0.064583 -0.1526 0.263285 -0.126623 0.0275174 -0.234215 -0.120449 0.192296 -0.0757682 -0.138307 0.210294 -0.18594 -0.00667118 0.0982393 -0.271765 -0.103554 0.0441827 -0.0772846 -0.277441 0.0839723 0.205514 0.266947 -0.225389 0.26999 0.163297 0.215339 -0.0744178 0.272766 0.261733 0.0549803 0.199253 -0.238876 0.145045 -0.214043 -0.165717 -0.0158619 
0.12566 0.258411 0.287356 0.0921137 -0.0998711 0.270041 0.195432 -0.0562088 -0.177354 -0.325407 -0.306817 -0.241231 0.159759 0.19206 0.284162 0.088345 -0.164304 0.296984 0.158552 -0.13159 -0.111257 -0.0415324 -0.242794 0.22329 -0.00378439 0.267359 -0.0805961 -0.0501884 0.246198 0.196673 0.315414 -0.218786 0.204781 0.00424919 0.0901528 -0.00516014 0.0912674 -0.258715 -0.166712 0.22467 -0.145147 0.16032 -0.283825 -0.141356 -0.0237249 0.249797 0.105335 0.0936715 -0.235719 -0.118784 
-0.0244094 -0.0823979 -0.284604 0.262975 0.245851 0.372425 -0.0570119 -0.155241 0.237671 0.0558535 0.175568 -0.26615 -0.213189 -0.165983 0.230873 0.329058 0.0811925 0.315756 -0.140757 0.335568 0.266945 0.141414 0.00969702 0.0101829 -0.0752105 0.294271 -0.162511 -0.144352 -0.128557 -0.0500941 0.273363 -0.0670116 -0.182854 -0.114086 0.28807 -0.0285105 -0.0802228 0.171536 0.0122539 0.0625817 0.0941782 -0.109893 -0.177611 0.0885227 0.160301 0.0711934 0.025339 -0.0225993 -0.142714 -0.0232625 
0.103699 0.131168 0.196523 -0.0017176 -0.268369 -0.230014 0.0994344 0.289054 0.0702592 0.215465 -0.0811029 0.143212 -0.0104912 -0.00135034 -0.245739 -0.202537 -0.166919 0.194067 0.242956 0.270308 0.229673 0.17094 -0.153953 0.236826 -0.0268778 -0.0221406 -0.147594 0.254771 0.242302 0.152905 0.167156 -0.132729 -0.0275901 0.162004 0.197196 0.155577 0.220806 0.223158 -0.0940696 0.147813 0.186165 0.117125 0.103745 -0.220653 0.186247 0.0284826 0.223428 -0.184945 -0.0155454 -0.236894 
0.255288 0.0787429 0.254689 0.0149266 -0.116378 0.125259 0.262743 0.00998804 0.149595 0.262981 -0.228013 -0.074888 -0.000148149 -0.264959 -0.065541 -0.143032 0.138656 0.212297 -0.062362 0.339826 0.318449 0.230573 0.258335 0.135874 0.181651 -0.113695 -0.0901637 -0.0513465 0.278332 -0.110439 -0.0539319 -0.196409 -0.188334 -0.192901 0.0857818 -0.249965 -0.0160682 0.0391883 -0.055895 -0.27393 -0.19368 0.0920565 0.158737 -0.149698 -0.119434 -0.00364397 -0.0936629 0.25451 -0.0412763 -0.126693 
0.208183 0.117234 0.104191 0.152504 0.179149 -0.188606 -0.302436 -0.0828952 -0.0723857 0.0231123 -0.191982 -0.16978 -0.194995 -0.0594704 0.275413 0.12153 -0.11179 0.084441 -0.114051 -0.0790527 -0.277072 0.180798 0.202686 -0.176 0.0142401 -0.0781375 0.00303792 0.231367 -0.104894 -0.223805 0.199755 0.0714776 0.255162 0.109355 0.155744 -0.118534 0.171331 0.183141 -0.0634436 0.195723 0.0513591 -0.154151 0.0891549 -0.186518 -0.140524 -0.160503 0.0481549 0.129003 0.0530593 -0.211174 
-0.0626828 0.241967 -0.00826835 0.025169 -0.288007 -0.0429007 -0.0687616 -0.130273 -0.193483 -0.233113 -0.221947 0.0845724 0.148922 -0.0594253 0.104411 -0.084118 -0.0271203 -0.213454 0.128713 0.0234093 -0.236209 -0.0668729 0.0641216 -0.0774053 -0.163618 -0.159897 -0.0483929 -0.251088 0.218706 -0.208525 -0.104045 -0.142997 0.043791 0.164447 -0.137803 -0.174979 -0.14402 0.0671437 0.117378 0.0587155 -0.207002 0.0292287 -0.187282 0.0647423 -0.0472453 -0.0554348 -0.114467 0.0048617 -0.269962 -0.293167 
0.133428 0.0705885 -0.0341931 0.0228883 -0.247689 -0.287306 -0.234243 0.0328929 -0.283758 0.223889 -0.296898 0.163143 0.0668284 -0.160927 0.0783539 0.0917635 0.219487 0.132389 0.00359545 -0.0586166 0.268199 -0.236368 0.140762 0.0806277 0.12668 -0.280433 -0.0384999 0.0994019 0.147164 -0.0424093 0.128617 -0.0507387 0.265693 0.0797783 0.021466 0.172469 -0.0102343 0.0619299 -0.0113677 -0.234699 0.0274758 0.0567458 0.158966 0.09228 0.0557939 0.0261292 0.169614 0.049027 -0.134463 -0.127439 
0.157783 -0.1806 0.0057401 -0.232301 -0.186192 0.254227 0.283813 -0.145287 -0.192577 -0.0279859 -0.242247 0.172616 -0.0211162 0.162802 0.251207 -0.262791 0.244834 0.19163 -0.281818 -0.221594 -0.227435 -0.25407 0.198556 0.253212 -0.213853 0.238967 0.0700512 -0.0361488 -0.180792 -0.265278 -0.035727 -0.0791066 0.13151 0.284803 0.130882 -0.00771407 0.203242 -0.147454 -0.0856614 0.0683044 -0.219133 -0.0805884 0.101803 0.30203 0.0668038 -0.204066 0.0324634 -0.197749 -0.129734 -0.196509 
0.172283 0.22941 0.108042 -0.102059 -0.0943224 -0.0555469 0.0677088 -0.219766 -0.0652643 0.261262 -0.216136 -0.171536 -0.0820678 0.211607 0.108404 0.00213335 -0.0196189 -0.0919444 -0.0881662 -0.26764 0.100988 -0.0174846 0.278312 -0.0993152 -0.0133031 -0.220586 -0.0418237 0.0280511 0.0194786 0.120325 0.150296 0.168839 -0.0367703 0.103848 -0.237129 -0.230774 0.0297007 -0.0471233 -0.053123 -0.25332 0.221116 -0.0632136 0.332017 -0.0200185 0.232081 -0.194502 -0.236162 -0.117413 0.0224961 0.35684 
0.333432 0.271354 0.214958 -0.223172 0.214837 0.179406 -0.241129 -0.121035 0.116698 0.136639 -0.179047 0.112931 -0.167411 -0.248077 -0.14161 0.348244 0.11792 0.157768 0.268353 -0.158791 0.256801 0.286818 -0.151117 -0.190946 0.0374391 -0.201698 0.280915 -0.0439588 0.16652 0.152154 -0.164168 0.0374011 0.0497929 -0.138258 0.316135 0.000846125 -0.139517 0.213166 0.00742804 0.0615526 -0.238257 0.260501 -0.285424 -0.134594 -0.226402 -0.183838 0.114629 0.232871 0.102978 0.0115554 
0.338271 0.00583567 -0.251493 -0.100357 -0.251279 0.19998 -0.100667 0.168844 0.143999 0.16195 0.0253666 0.182522 -0.00517859 -0.20702 0.170504 0.132653 0.126761 -0.203973 -0.016392 0.0184062 0.0538152 0.186645 0.169938 -0.0895254 0.0993505 0.310209 0.081489 -0.280199 -0.212513 -0.128891 0.234912 0.116737 0.232978 -0.285237 -0.000279663 -0.207605 -0.0817047 -0.0763913 -0.186692 0.101377 0.214758 0.268872 -0.232641 0.194211 0.291136 -0.115943 0.274975 0.161479 -0.0537267 0.142484 
-0.318924 -0.168998 0.167684 0.202915 0.283695 -0.0466042 0.24008 -0.21337 -0.0763334 -0.0779196 0.0917229 0.310647 -0.14995 0.181184 0.0622327 -0.266535 0.263322 -0.204011 -0.201958 -0.286433 -0.0802114 0.243549 -0.0299932 0.100279 -0.116589 0.0624903 -0.0986009 -0.102882 -0.239305 -0.183073 0.251936 -0.269432 -0.153469 0.396946 0.191938 -0.256568 -0.295516 0.129414 0.0634483 0.374728 -0.149124 0.29643 -0.027047 0.25423 0.240835 0.248496 -0.0257317 0.233193 -0.111212 0.306696 
0.121246 0.0613044 0.105951 0.0670828 0.0745837 0.22023 0.0540733 0.304341 -0.220333 -0.188373 -0.195677 -0.0453862 0.166482 -0.146391 0.303512 -0.205088 -0.0103855 0.187703 0.00971298 0.068903 -0.136836 0.0332624 0.0109489 -0.0502149 -0.263442 0.117271 0.0745397 -0.190179 -0.253994 0.0625474 0.0463087 0.201259 -0.0200009 0.201107 -0.254404 0.0571507 -0.0367393 0.230513 -0.120519 -0.195136 -0.211323 -0.130954 0.0205262 -0.288557 0.135125 -0.0620597 0.0380477 -0.157553 0.0106284 -0.166413 
0.0305411 -0.0975097 -0.0033923 -0.05579 0.0648217 0.209621 -0.00184697 0.0139637 0.0150471 -0.0317979 0.0156585 -0.00433814 -0.0164228 -0.0258969 0.104565 0.111287 0.0228276 0.0224619 0.165358 0.0312421 
-0.186354 0.155276 0.287077 0.282628 -0.403463 -0.796881 -0.105281 0.554951 0.728373 0.0314265 0.414593 0.304956 0.291026 0.0666179 -0.474383 -0.583882 0.488494 0.680245 -0.782061 0.302964 
-0.267176 
