3
4 20 3 
2
0.01
0.212584 0.127455 -0.500073 0.288302 
-0.147831 0.332265 -0.445417 0.209829 
0.0448094 -0.124097 0.273837 -0.0682576 
0.485948 -0.135404 0.281158 0.256172 
-0.34717 -0.262138 0.452708 0.1733 
0.0895127 0.389858 -0.337104 0.322648 
0.0676005 0.57528 -0.415611 0.100605 
-0.415443 0.262135 0.39927 0.368894 
0.317917 -0.459009 -0.453814 0.144453 
0.37362 -0.189867 0.249895 0.312545 
0.139071 -0.490721 -0.461706 -0.346543 
-0.469912 -0.226859 -0.312278 0.40063 
-0.0488615 -0.277844 -0.309127 -0.438323 
-0.326225 0.117748 0.156556 0.31993 
-0.379085 0.321775 0.585964 0.115115 
0.194206 -0.132432 0.36163 0.388001 
-0.145734 -0.194663 -0.152286 0.277957 
-0.432483 -0.401538 -0.0105417 0.0453095 
0.165661 0.419923 -0.157883 -0.579218 
0.173731 0.654965 -0.29189 -0.665203 
0.00656759 -0.0125876 -0.0229179 0.0174341 -0.00489468 0.0173472 0.0347259 -0.0513864 0 -0.0396283 0 0 0 -0.00435478 -0.0468339 -0.0108927 0 0 0.0925519 0.0741155 
0.175546 -0.373808 0.00498719 -0.366975 0.343569 0.21032 0.353849 -0.161678 0.297712 -0.43277 0.142514 0.234435 0.240306 0.233127 -0.650414 -0.339234 -0.508771 0.255197 0.624237 0.632869 
-0.499905 0.267611 0.101041 -0.21758 0.186987 0.249654 -0.496402 -0.25071 -0.160974 0.406963 0.268953 0.0395364 -0.455134 -0.128492 -0.462875 -0.0906556 -0.450562 0.413045 0.340122 -0.416177 
0.320668 -0.481376 0.294042 -0.403172 0.149633 -0.00490403 -0.600472 0.610586 0.354623 0.447829 -0.45728 0.0672203 0.0498817 -0.495622 0.00330738 0.0132335 -0.255682 -0.465554 -0.514232 -0.841308 
0.0446086 0.0744119 -0.11902 
