3
4 20 3 
2
0.01
-0.0754005 -0.428276 -0.116989 0.0679456 
-0.361124 0.112278 0.149028 0.409395 
-0.45403 0.424532 -0.226382 -0.449704 
-0.553522 0.158228 0.56104 0.655929 
-0.271428 -0.459738 -0.088912 -0.147862 
0.236827 0.189304 -0.0242366 0.311605 
0.0601358 0.183815 0.262292 -0.294747 
-0.146551 0.0513272 0.625391 -0.199476 
0.360158 0.226733 -0.192996 -0.549948 
-0.427147 -0.152763 -0.290751 -0.122714 
0.373494 0.179502 -0.645068 -0.0593002 
-0.193371 -0.420107 -0.266928 0.29202 
-0.402673 0.203994 0.0356926 -0.370352 
0.278568 0.208896 -0.0756617 0.191898 
0.158411 0.852968 -0.503942 -0.105885 
-0.128477 0.125753 0.317914 0.318078 
0.0576884 -0.0995825 -0.349685 0.0403442 
0.404796 0.280508 0.16864 -0.0837023 
0.203228 -0.496538 0.457294 0.6934 
-0.412653 0.00276573 -0.4257 0.180219 
0 -0.0148587 0 -0.0928157 0 -0.019438 0.028937 -0.0104687 0.0644267 0 0.0531785 0 0 0.0406281 0.144265 -0.0447752 0 -0.0308348 -0.127321 0 
-0.426142 0.357559 0.505911 -0.0259392 0.11983 -0.303352 0.166265 -0.585333 0.493378 -0.463159 0.5616 -0.0537464 -0.481562 -0.0558662 0.617822 -0.22163 0.216906 -0.300125 -0.720861 0.304774 
-0.475982 0.27234 0.493323 -0.534685 -0.478874 -0.239073 0.21034 0.418381 0.00356044 -0.436425 -0.340097 0.438705 -0.308317 0.383855 0.185163 0.017949 0.229615 -0.472249 0.19277 -0.289826 
-0.0417737 -0.0219141 -0.0560002 0.621437 -0.221217 -0.217144 0.00516862 0.0949984 -0.383693 0.280044 -0.176066 -0.213339 0.400697 -0.252228 -0.744207 0.31976 -0.0983788 -0.313863 0.778736 -0.0191425 
0.112684 0.0410262 -0.15371 
