4
4 100 50 3 
2
0.01
0.0413172 -0.197844 0.314562 -0.0977791 
-0.147185 0.100109 0.00908793 0.0165954 
0.122731 -0.284237 0.128788 0.129845 
-0.0800013 0.183928 -0.240367 -0.00138649 
0.165911 0.208417 0.159745 -0.253944 
0.249408 -0.00803982 0.124884 0.153625 
-0.144506 -0.236216 -0.0216141 -0.133199 
-0.0268769 -0.0750682 0.193022 0.294021 
0.324412 -0.0311135 -0.256871 -0.220833 
-0.0464816 0.0299379 -0.173437 -0.139609 
0.0362914 0.290116 -0.220322 -0.140735 
0.308032 0.0230823 -0.251322 -0.267814 
0.0133095 0.153488 0.0604249 0.169985 
-0.0221116 0.15109 0.164686 0.0330801 
-0.093233 0.0297656 0.235057 0.233956 
0.147843 0.0541714 -0.150899 0.153401 
0.0989132 -0.182792 0.0305489 -0.233593 
-0.0800205 0.128549 0.175811 0.220702 
-0.210114 0.105548 0.0206352 0.0100552 
0.179641 0.126671 -0.0418593 0.154225 
-0.0666818 -0.0680086 0.29817 0.147283 
-0.211221 -0.036697 -0.000118159 -0.120936 
-0.198593 0.222348 -0.162232 0.161571 
0.190675 0.0321027 -0.170069 -0.160396 
-0.0318002 -0.0721751 0.198975 0.306567 
-0.181341 0.0901918 -0.140794 -0.16021 
0.243874 -0.00328672 -0.134121 -0.248523 
-0.193763 0.156291 0.204255 0.0704199 
-0.0400459 -0.0950665 -0.215535 0.0859861 
-0.22683 -0.114032 0.156032 0.023642 
-0.20377 -0.153118 0.0811179 0.0345771 
-0.0761854 -0.0445397 -0.0731948 -0.0243909 
0.245214 0.193882 0.0131915 0.0104526 
-0.0653188 -0.160279 0.15051 -0.170699 
0.125714 -0.195762 -0.200676 -0.165714 
0.051268 0.207164 -0.146149 0.00972752 
0.0333229 0.279421 -0.0656173 -0.216086 
0.171815 -0.0446152 0.269389 0.0229755 
0.316396 -0.0425589 -0.284584 -0.113919 
0.250692 -0.219665 0.218745 0.142222 
0.276667 -0.210538 -0.00668336 0.122128 
-0.117883 0.0609504 -0.0619539 0.181516 
-0.187711 0.192086 0.0698578 -0.0405199 
-0.172555 -0.165077 0.146554 0.10236 
0.0140053 -0.0152128 -0.0769626 -0.186704 
-0.114914 0.194338 -0.213485 0.140175 
0.129647 -0.0105896 -0.237601 -0.0073671 
-0.218466 -0.222501 0.0802167 -0.0570496 
0.243801 -0.099053 -0.165384 0.141642 
-0.152771 0.0576822 -0.209806 -0.0198117 
-0.204163 -0.0013255 -0.121764 -0.045611 
0.129488 -0.157397 -0.214057 0.215106 
0.0121271 0.185947 0.170315 -0.0703437 
-0.13319 -0.159438 -0.0467737 -0.122084 
-0.0498707 0.00772828 -0.144672 -0.117215 
-0.154041 0.089137 -0.0395187 -0.228212 
-0.219622 0.141617 0.137098 0.0369429 
-0.209354 0.201877 0.0598388 0.0400962 
-0.0427055 -0.0925862 0.0530456 -0.00459836 
0.260902 0.168977 -0.286827 -0.254241 
0.0490433 0.0195063 -0.0325359 -0.0439342 
-0.114512 0.0423791 -0.00853814 0.0807868 
-0.0235887 -0.106909 -0.0720902 0.135556 
0.0371683 0.0340923 -0.234102 -0.107335 
-0.0275608 -0.202387 0.0349783 0.0133754 
0.372264 0.205808 -0.276256 -0.101946 
-0.236629 -0.0875739 -0.0308576 0.00234025 
-0.119992 -0.0326568 0.22824 0.217472 
0.035799 0.00186736 -0.148523 0.0133053 
0.0591979 -0.132885 -0.109525 0.170584 
0.0918877 -0.217899 0.206087 0.039832 
0.191609 -0.151027 0.0199142 -0.157209 
-0.164394 0.108901 0.216859 0.208546 
-0.12996 -0.119281 -0.212218 0.0878458 
0.249586 -0.210017 0.00880874 0.0664859 
0.0619169 -0.130594 0.169895 0.119356 
0.0954951 0.266678 -0.194523 -0.118694 
0.00764619 -0.218798 0.227068 0.0826155 
0.0227248 0.105055 -0.127301 0.0546021 
-0.119108 -0.174547 0.123113 -0.165178 
0.0898114 -0.0813778 -0.182145 0.203655 
0.0549734 -0.2066 0.337871 0.0898573 
-0.157065 -0.0477737 -0.184149 0.0949628 
-0.0113709 -0.159063 0.221103 0.122587 
0.250215 -0.0773933 -0.0312654 0.0925736 
-0.0953503 0.183813 -0.171219 -0.00558584 
-0.0207262 0.0537215 0.111917 0.218044 
0.178206 0.18908 -0.0407891 0.199866 
0.256404 0.0474589 -0.205283 -0.271541 
-0.073091 0.00729225 -0.0916754 0.0166829 
-0.195654 -0.205148 -0.162542 0.220568 
-0.0701307 -0.198228 0.0312406 0.138255 
0.242196 -0.129007 -0.0756894 0.218946 
-0.158998 -0.058969 -0.154699 0.197287 
-0.131111 0.00477159 0.114635 0.26575 
0.0432373 0.133219 0.0912661 0.0680615 
-0.133994 0.273099 0.131153 -0.0976915 
-0.0838217 -0.0837801 0.145364 0.139711 
-0.213903 -0.221873 -0.100729 0.156694 
0.270688 -0.205569 -0.131255 0.19434 
-0.0035364 0 -0.0357999 -0.000638616 0.0234828 -0.00396235 0 -0.0188997 0.0307692 0 0.0162084 0.031216 0.00978635 0.00869777 -0.0143976 0.0170486 -0.00240785 0.00914335 0 0.0160114 -0.0224872 0 0 0.0144718 -0.0235833 0 0.0391794 -0.00757853 0 0 0 0 0.0196013 0 0 0.0140141 0.0191221 -0.00524048 0.0277149 0.00198463 0.0086826 0 0 0 0 0 -0.0106247 0 0.00512738 0 0 0 0.0238127 0 0 0 -0.000263557 0 0 0.0210189 0.00361466 0 0 -0.00284522 0 0.0493747 0 0.00421739 -0.0108176 0 0.00357286 -0.00885027 -1.72451e-05 0 0.0230216 -0.0206969 0.0192537 -0.0327634 0.0107914 0 -0.0132455 0.00236282 0 -0.0154246 0.0177307 -0.00691869 -0.013993 0.000635973 0.0229617 0 0 0 0.00791466 0 -0.0195679 -0.00257832 0.0235298 -0.0199376 0 0.00841166 
-0.204385 -0.0550957 -0.0356121 -0.17132 0.140688 0.0062651 -0.191688 0.0534145 0.145704 -0.0376157 0.130039 -0.0206736 0.0440172 0.185572 -0.180221 0.0328762 0.186588 0.086213 -0.0232485 0.112488 -0.113763 0.0894346 0.103653 0.0481331 -0.124811 -0.0778808 -0.0281024 0.179067 0.187605 -0.141899 0.145208 0.137487 -0.0463521 0.147935 -0.0211994 -0.109158 0.157649 -0.00290444 0.124093 -0.0755726 0.0845168 0.176388 -0.0898719 -0.0956484 -0.19525 0.00333186 -0.0175048 -0.060997 0.0172123 0.0904718 -0.0325688 -0.00212292 -0.104201 -0.157049 -0.167037 0.190031 -0.166569 -0.027302 -0.13714 0.0258856 -0.00447443 0.027559 0.043706 -0.0457358 -0.0513123 0.0589699 0.0877338 0.0119318 0.057646 0.00140686 -0.0470916 -0.161933 0.0325617 0.14828 0.0656946 0.149074 0.21132 0.0648769 -0.159634 0.134767 0.0757678 0.0737294 -0.0500918 -0.102465 0.0145912 0.042571 -0.0882366 -0.132189 0.18884 -0.0285598 0.194377 0.188964 -0.162475 -0.0343166 0.0912215 -0.116599 -0.119605 -0.0586144 0.16837 -0.0982829 
-0.069517 0.0901602 -0.165864 -0.109506 -0.103613 -0.135822 0.0849599 0.0525806 0.0913119 -0.105238 -0.000721125 -0.181545 -0.0228497 -0.187602 -0.0319433 0.103043 0.0671283 0.0602386 -0.158897 0.100145 -0.100898 -0.0815985 0.0443434 0.165916 0.109969 -0.0523123 -0.15245 0.162325 0.107594 0.00853656 -0.018747 0.161354 0.0734808 -0.0207847 -0.147467 -0.195582 -0.17038 -0.00430417 0.193539 -0.177909 -0.199526 0.155104 0.0833454 -0.0545625 -0.137616 -0.0381525 0.146394 -0.113911 0.152196 0.033228 -0.066767 0.134867 0.0843996 -0.08191 0.00989784 -0.124639 0.00657642 -0.069969 -0.0906976 -0.0205833 -0.0310048 0.161205 0.137377 0.0405812 0.191307 -0.151161 0.137578 -0.0341561 -0.0780914 0.0946647 0.122194 0.0933462 -0.0735444 -0.103041 -0.168691 -0.0401141 -0.140358 0.0400109 0.10571 0.116874 0.126434 -0.189616 0.0943198 0.157745 -0.114324 0.0827246 -0.0947988 -0.115424 -0.158467 0.0277731 0.119642 0.077166 0.184019 -0.150283 0.0242108 -0.194758 -0.0545898 0.14448 -0.184345 -0.15875 
0.0675827 -0.13454 0.120025 -0.142467 -0.0138515 -0.15404 0.0097698 -0.157108 -0.166207 -0.00412096 -0.0558069 0.000591779 -0.076872 0.136623 0.0367786 -0.183964 -0.180438 -0.0515302 0.0514217 0.00504853 0.196283 -0.0205589 -0.181433 0.103825 -0.166974 -0.191088 -0.0966917 -0.0696052 -0.0469629 0.176986 -0.174903 0.072651 0.126047 -0.0788715 0.159962 -0.0414309 -0.0127333 0.198362 -0.170988 -0.0266367 0.150794 -0.0276247 0.0138682 0.150763 -0.148674 0.196508 -0.0110396 0.0251235 -0.109842 -0.168859 -0.0872269 -0.195912 -0.105926 -0.143186 -0.0313393 0.122154 -0.124397 -0.0722691 -0.184533 -0.148638 0.196755 0.0187656 -0.027959 -0.184534 -0.0150436 -0.00229707 -0.146344 0.132067 -0.11437 -0.0607916 0.016524 -0.168611 -0.147968 -0.0448706 0.101654 0.118598 -0.12126 -0.160983 0.186295 0.0464161 0.161988 0.158089 -0.147281 0.0223242 -0.183956 0.163639 -0.187917 -0.105371 -0.151664 -0.0421504 -0.146531 -0.0291849 -0.0754348 -0.115068 0.0731098 -0.10914 0.067276 0.126184 0.156536 0.0701448 
-0.0676529 -0.0294803 -0.0052962 -0.191898 0.16324 0.191526 0.172909 -0.107554 -0.0958739 0.00835054 -0.13825 -0.209879 0.0964412 -0.175439 -0.0433411 0.00479967 -0.0576212 0.15289 0.144329 -0.10125 -0.113633 0.0503384 0.168753 0.0685319 0.116873 -0.0760557 0.149523 0.0686554 -0.00905229 0.166529 0.0485564 0.0687431 0.0393768 0.0237045 -0.127938 -0.0883884 -0.189773 -0.0485704 0.128177 0.0970458 0.0425533 -0.087499 -0.0534857 0.0909879 -0.0631351 0.163832 0.111466 0.021352 -0.0673826 -0.105017 0.0363686 0.0376741 0.078016 0.0769566 0.06194 0.172155 0.109638 -0.183051 -0.0559882 -0.0935906 0.174418 -0.00189235 -0.0526252 -0.0121097 -0.0727497 0.141624 -0.0575579 -0.0217992 -0.151281 0.132554 0.0770277 0.0263962 0.152308 0.161699 -0.0292537 0.0487574 -0.0254493 0.095891 0.000931621 0.102493 -0.196313 0.0576088 0.124979 0.191984 0.189792 0.0979199 0.14639 0.100007 0.0193336 0.133799 0.077132 -0.0266953 0.174194 -0.175664 -0.0757129 -0.105148 0.114194 -0.0976681 -0.0306525 0.161114 
-0.0570202 0.138392 -0.0657697 0.11725 -0.0662925 -0.0351822 0.0550178 -0.0138556 0.106244 -0.0240154 0.0314169 0.138507 0.154192 0.140639 -0.132697 -0.0236608 -0.120414 -0.059674 -0.184398 0.144869 -0.151201 -0.0456887 0.0499071 -0.00161605 -0.0984019 -0.10613 -0.0133921 0.163033 0.0859413 -0.121201 -0.121008 -0.0892526 0.161056 0.170122 -0.0343479 0.156327 0.0629527 0.0456276 -0.137684 0.118657 0.111444 -0.140314 -0.0986679 0.197568 -0.168922 0.0616762 0.0839571 0.15496 0.0458474 -0.0329756 -0.185852 0.0152125 -0.000326013 -0.110282 -0.000960331 -0.0104477 0.197773 0.154912 -0.14204 -0.0282739 -0.00968628 0.177441 0.0796264 0.128261 -0.120668 0.0665476 -0.148048 -0.0201074 -0.030567 0.00842072 -0.209576 0.040935 0.00261365 0.0779152 0.0168228 -0.0651166 0.149681 -0.19527 0.0807941 -0.0914696 -0.165486 -0.0675588 -0.0416426 0.174984 0.13522 -0.154274 0.0729442 -0.177758 0.0280148 0.0321952 0.124093 0.152738 -0.203793 -0.0759901 0.0292441 -0.0683677 0.163763 -0.0660809 -0.0646836 -0.00718157 
0.151509 -0.0539686 -0.117263 -0.156898 0.114679 -0.0178791 -0.0479457 -0.0581013 -0.130395 0.0576697 -0.165197 0.158475 -0.17267 0.155143 0.113141 0.00529128 0.170738 0.0120938 -0.0713342 0.0386366 -0.173204 0.047354 0.0764087 -0.13613 -0.115757 0.195713 0.196829 -0.189299 0.019055 -0.142216 0.0383403 -0.124236 0.0250601 -0.00191207 -0.0716084 -0.150087 0.0732757 -0.0491076 0.0674195 -0.0639334 0.145314 -0.194572 -0.137541 -0.0410232 -0.117982 0.106375 0.0565105 -0.0259282 -0.0526432 0.0716712 0.182161 -0.0280087 0.0715593 -0.12648 -0.155988 -0.0690701 -0.106978 0.115773 -0.0321528 0.036385 0.100029 0.117125 0.118484 0.0555991 0.0603932 -0.113932 -0.0971452 -0.116729 -0.172415 -0.197829 0.143673 0.172203 0.00448756 0.102528 -0.0667238 0.0738218 0.144368 -0.124331 0.03371 0.0690338 -0.117578 -0.0882004 0.0443672 -0.0450606 0.180352 -0.169601 0.122767 0.117404 0.0800083 -0.165966 -0.139318 -0.170426 0.181171 -0.152579 -0.00265176 -0.00208075 -0.129334 -0.122992 0.0135157 0.141017 
0.0476609 -0.0101975 0.149515 -0.115866 -0.186607 -0.111708 0.0309662 0.183811 0.142323 0.0719005 -0.0292624 0.0275773 0.00196367 -0.0345158 0.181145 0.128681 0.0974167 0.0232535 0.131157 0.083346 0.0777427 -0.0875575 -0.135996 -0.188763 -0.100204 -0.0976444 -0.179734 -0.197175 0.0181465 0.0178175 0.0203804 0.197086 -0.156824 -0.131794 0.0683179 -0.0771965 -0.142433 -0.00321091 0.111694 -0.162374 0.133567 0.0712611 0.0103377 -0.0919489 0.0723721 0.0960377 -0.000506069 0.0412692 -0.190778 -0.0504966 0.169198 -0.0533882 -0.180229 0.179516 0.011634 0.148956 -0.109623 -0.171746 0.157568 0.140917 0.144429 -0.169576 0.169341 0.101382 -0.0526414 -0.165439 0.0159675 -0.0940053 -0.157183 0.00493638 0.169094 0.0888159 -0.0403954 -0.00179489 0.0734499 -0.0322361 0.118992 -0.0366787 0.125527 -0.155095 0.0413776 0.163193 -0.197707 0.0209789 -0.168271 -0.110072 -0.191155 -0.0506579 -0.103144 0.191534 0.0916118 -0.068194 -0.198175 -0.0287345 -0.00664157 0.185748 0.14159 0.117846 -0.180046 0.153723 
0.00670382 0.146553 0.04327 0.0104953 0.0503957 0.0281242 0.19303 0.164847 -0.171022 -0.0503764 -0.147461 0.0513211 0.133654 -0.177078 -0.00454816 0.0877252 -0.075987 0.119445 0.0085922 0.0933615 -0.143899 -0.0252402 -0.0211669 -0.108229 0.0821064 -0.158397 0.0090865 0.023404 0.0631107 0.0708738 -0.074257 0.10796 -0.0627542 -0.148429 0.182983 0.158201 0.163628 -0.183498 -0.122864 -0.150055 0.0413418 -0.11694 0.112352 -0.00800642 -0.0526419 -0.0333708 -0.134239 0.103421 0.0122414 -0.161525 -0.152303 0.00650536 -0.137528 0.0257251 0.0715726 -0.195401 -0.0580477 -0.126439 0.0844771 0.0124236 -0.1429 -0.17786 0.147962 0.133157 -0.0455412 0.0536761 -0.104016 0.070087 0.00921436 0.163523 0.0531937 -0.175263 0.0205429 -0.121632 0.121168 0.0838855 0.018719 0.132981 -0.0192087 0.0188451 0.0778458 0.0957658 0.108131 -0.0510139 0.0118332 0.195917 -0.0499032 -0.03557 -0.0869256 -0.0515829 0.0827416 0.0987884 -0.140417 -0.0726692 0.00620274 -0.00429954 0.124435 -0.0674725 -0.0261984 -0.170757 
-0.177185 0.153255 0.0055893 0.0218501 -0.072503 -0.119883 0.0424935 -0.117629 -0.220232 0.0740898 -0.0357573 -0.0914637 0.180264 0.103722 0.223526 0.0916155 0.129713 -0.096258 -0.102045 -0.201925 0.119208 0.0900371 0.167098 0.132086 0.021067 -0.0872184 -0.222068 0.210756 -0.020453 -0.179927 -0.0116662 -0.155509 0.0432209 0.0622972 -0.103143 0.0794388 0.0383436 0.0476901 0.0140121 0.121649 -0.0240004 0.161905 -0.0158208 -0.0994654 0.0180709 0.180793 -0.123253 0.0344224 -0.00612445 -0.125607 -0.120743 -0.0398833 0.0393343 0.13321 0.00387254 0.0608309 -0.0930566 0.199208 -0.0727791 -0.0630811 -0.116946 -0.0252496 0.0202046 -0.194784 0.142042 -0.190829 -0.11962 0.147252 0.0246629 0.0210584 0.0172396 0.169302 0.119533 -0.183934 -0.0382884 -0.10899 0.0864443 0.172546 -0.0549193 -0.0353535 0.152646 0.0476314 -0.0230857 0.174268 -0.0560544 -0.115709 -0.0256799 0.158538 -0.0172442 0.136775 -0.0302798 -0.0390332 -0.0258505 -0.15514 0.200038 0.0494123 0.0288083 0.115194 0.123772 -0.0611228 
-0.0871355 -0.0398172 -0.0515364 -0.137154 -0.111196 0.112159 0.0997532 0.103045 0.106661 -0.151733 0.163068 0.201467 0.19095 -0.187208 -0.0111044 0.137783 -0.0511317 0.00799911 -0.103534 -0.123945 0.123583 0.0260884 -0.170783 0.034254 -0.0916514 -0.0020291 0.033395 -0.122512 0.0645575 -0.0136842 -0.108662 0.107092 0.150877 0.0250729 0.158906 0.037851 -0.183528 -0.0687856 -0.133627 -0.0611368 0.0405052 0.161362 -0.0359986 0.0312115 0.18513 0.137114 0.028698 -0.197664 -0.183229 0.108489 0.159361 0.107966 0.140972 -0.0960949 0.167006 -0.0703631 -0.163818 -0.137008 0.0236818 -0.0232326 0.179217 0.0455086 0.176378 0.116792 -0.0349567 -0.155044 0.0528664 0.0123659 -0.122135 -0.0113966 0.162219 -0.113877 0.0597882 -0.0270398 -0.0683491 -0.0499046 -0.134211 -0.109567 -0.101928 -0.0105411 0.122733 -0.075315 0.0125847 -0.101437 0.118832 -0.164532 0.125558 0.053292 0.0722809 -0.0568416 -0.103577 -0.0861697 -0.166469 0.0336217 -0.17893 0.14413 0.0819118 -0.0590183 -0.124912 -0.0598196 
0.0302908 0.043254 -0.175004 -0.0191899 0.103398 -0.0307111 0.19039 0.0627927 -0.067562 0.0669973 0.0257322 0.217833 0.0768431 0.0277046 0.0800809 -0.0588393 0.0747702 0.0397791 0.186665 -0.158775 -0.0596382 -0.0139995 0.0552698 0.0574794 0.170582 0.0447379 0.136971 -0.0829971 -0.0598582 -0.174907 0.067364 0.155535 0.153745 -0.149587 -0.181527 -0.0417666 0.0804485 0.162425 -0.0714234 -0.0255726 -0.189081 -0.0547634 -0.02435 -0.114332 -0.131124 -0.0361753 -0.0696092 0.0389937 0.0807631 -0.161097 -0.119257 -0.126229 -0.148551 0.111027 -0.113036 -0.109233 0.00599235 0.0533489 -0.0512539 -0.0332736 -0.105806 -0.182479 -0.160974 -0.153016 -0.0210395 0.0573435 0.00420181 0.00318708 -0.0316461 -0.0105864 0.144944 -0.0831835 -0.0707104 0.00992532 -0.0826551 -0.117088 0.0676967 0.0300913 -0.00408398 0.167158 -0.0749791 -0.0596239 0.0692743 -0.191872 -0.00434744 0.164524 -0.199275 0.0918998 0.108459 -0.0241847 0.139633 -0.0130207 -0.107207 -0.0530847 0.0250106 -0.0895854 0.0173021 0.0717376 0.0730035 0.178909 
-0.0833012 0.18905 -0.184331 0.0576779 -0.102634 0.198686 -0.166261 -0.000826211 0.10435 0.0588269 -0.00146316 0.197966 0.0204318 -0.118638 -0.0792453 0.00477205 0.0940878 -0.026924 -0.0063375 -0.129628 -0.16736 0.143989 -0.0595525 -0.040915 -0.103544 -0.189692 0.0129841 -0.105131 -0.0561792 0.1064 -0.131835 0.0631284 -0.188675 -0.0975639 0.0545516 0.0137352 0.000273773 -0.176198 0.126311 -0.00190657 -0.132957 0.158746 -0.126389 -0.066867 0.0167218 -0.102254 -0.156257 -0.0556448 0.108407 -0.152434 -0.0525868 0.167737 -0.159904 -0.132487 -0.189584 -0.0419843 -0.0504863 -0.197257 -0.0260086 -0.0384399 -0.0551378 0.0433061 -0.180571 0.0217034 0.128925 0.147802 0.0429706 0.0384465 0.18345 -0.143254 0.12101 -0.0736177 -0.109475 0.136522 -0.00835916 -0.0895259 0.193512 -0.186088 -0.0553486 0.0607396 0.123636 0.108222 -0.130771 0.049284 0.0483928 0.104622 -0.110324 0.0492614 -0.132001 -0.0529919 0.0509279 0.040452 -0.148304 0.066591 -0.170982 0.0753026 0.104437 0.132727 -0.184049 0.0721566 
0.144606 -0.0735266 0.172559 -0.099707 -0.00906731 0.138008 -0.172784 0.256271 -0.179277 0.00698233 -0.0581019 -0.2364 0.0899213 0.0570396 0.0667858 -0.0215053 0.042921 -0.0633638 0.0506981 -0.00812769 0.0121926 -0.0318981 -0.0523608 -0.164538 0.11297 -0.133595 -0.158709 0.0217324 -0.0413716 -0.142382 0.0173963 -0.0691757 0.164107 -0.132022 -0.162114 0.0692064 0.00644588 0.277187 -0.156446 0.242053 0.224348 0.0284313 0.0108329 0.197362 0.141084 -0.0252116 -0.0733808 -0.135407 -0.0381306 -0.0185708 0.0971822 0.150566 0.0723247 0.126284 -0.0347783 -0.117147 -0.117182 -0.123639 0.0551722 -0.21967 -0.0706634 0.095801 -0.0646026 0.00527196 -0.0333619 -0.198333 -0.00345016 -0.0189448 0.176905 -0.191434 0.0806257 -0.0387224 0.037861 0.105322 0.0857572 0.165448 -0.148151 -0.0121326 -0.199248 0.0425937 0.0643272 0.245663 -0.0328962 0.17029 0.210854 0.166514 0.140429 0.170551 -0.0566651 0.150473 0.151886 0.176038 -0.0567535 0.129576 0.0762884 0.135619 -0.176296 0.193616 0.0666025 0.186388 
-0.000888859 0.00097863 -0.0361247 -0.195393 -0.202054 -0.0986406 0.00653167 0.0369101 -0.147779 0.026629 -0.0728245 0.166998 0.191187 -0.172859 -0.083077 0.0641426 0.157554 0.0257241 0.166613 0.122458 0.106985 -0.101848 0.191179 -0.00124245 0.0474709 0.0651546 -0.103391 0.200478 -0.173535 0.182501 0.0203276 -0.184103 0.145182 -0.0302915 -0.167819 -0.137374 0.158046 0.0406746 0.0229375 -0.104515 0.0542352 0.0341383 0.0527218 -0.0752945 0.164505 0.147493 0.0404837 0.0503489 0.159831 -0.0127242 0.174131 -0.0184356 0.0739416 0.187036 0.125055 0.111268 -0.0956897 -0.169074 -0.112198 0.120496 -0.0190772 0.113161 0.0819474 0.0785389 0.116485 0.13079 -0.0397788 -0.1038 0.0112196 -0.00539816 -0.182664 -0.081754 0.191694 0.120445 -0.13413 0.0247278 -0.0687536 -0.0419934 0.0823794 -0.171728 -0.126024 0.181981 0.137173 -0.169402 0.00550157 0.0087848 -0.049768 -0.153638 -0.0998706 0.0183009 -0.141898 -0.0220459 -0.00959713 0.0253968 0.199249 0.0877927 -0.180527 0.119276 0.119266 0.10469 
-0.0528988 0.1035 0.0580976 0.0866202 0.123075 -0.14303 -0.127871 -0.155033 0.20799 0.0807176 -0.0400221 -0.0626076 -0.121818 0.150956 0.0718806 0.195762 -0.115399 -0.101034 -0.0924962 -0.121515 -0.00517683 0.143677 -0.16227 0.121314 -0.0416803 0.0111248 -0.135215 0.0307273 -0.128406 -0.0569601 0.0606687 0.195048 0.0504496 0.0482806 0.0780835 -0.121655 -0.0392983 -0.0546776 0.0227874 0.0831287 0.143172 0.114315 0.174072 0.0742552 0.0371736 -0.123215 0.048184 -0.189587 -0.0909178 -0.0648237 -0.110717 -0.121106 0.147866 -0.0233775 0.187594 0.192814 -0.175322 0.0634428 0.131732 0.198278 -0.0842611 0.0429481 0.174132 -0.0989148 -0.18545 0.164771 -0.17472 -0.169147 -0.117713 0.192457 -0.131553 0.0755732 -0.0730054 0.107402 0.0529983 0.014315 0.0481901 0.119603 0.161699 -0.149508 0.0908521 -0.0800125 0.106419 0.00592636 -0.18451 -0.0982656 0.0911272 0.0535986 -0.114573 -0.0179959 -0.143935 0.0395076 -0.00746689 0.0404769 -0.0754061 0.191977 0.101799 0.0104077 -0.00761563 -0.11912 
-0.189439 -0.131887 0.111238 0.105236 0.103633 -0.158733 0.101966 -0.175136 -0.0147097 -0.15292 -0.0322846 0.0570959 0.0249769 -0.171528 0.0631126 -0.0762426 0.136047 -0.153282 -0.133477 0.15543 -0.132274 0.0952569 -0.0992195 -0.132765 -0.151377 -0.0187795 0.0943371 -0.102068 0.113005 -0.000878438 0.15226 -0.108175 -0.087288 -0.0320085 0.0975628 -0.155909 -0.139545 0.125245 0.129802 0.0753663 -0.0604095 -0.117572 0.0068225 -0.00192785 0.178659 0.0734863 0.125575 -0.0602546 0.171411 0.0816488 -0.110239 0.0920803 0.117117 0.000730311 -0.13089 -0.0561549 0.076811 -0.153413 -0.0307928 0.122242 0.0504936 -0.0693017 -0.157576 -0.1845 -0.00327213 -0.129401 -0.07603 0.0265935 -0.137589 0.109764 0.145444 -0.0659504 0.0705833 -0.173793 0.0592991 -0.0984407 -0.0780055 0.0498416 -0.0934345 -0.145629 0.122565 -0.0402884 -0.0235519 -0.165231 0.0812805 0.0506218 -0.150134 0.140432 -0.0592635 -0.117703 0.0608197 -0.145611 0.0509634 -0.0414363 0.137852 0.131564 -0.189386 0.112006 0.0927951 0.0350719 
0.0170271 0.0230083 -0.043097 -0.125035 -0.189528 0.0990029 0.0399772 -0.162696 -0.136638 -0.153983 0.161423 -0.145139 -0.159419 -0.159114 -0.134633 0.0721304 -0.0999237 -0.106885 0.164383 -0.149909 0.191963 0.119786 0.164748 -0.00126446 0.118486 0.167711 0.0684826 -0.188272 0.00594656 0.0933395 -0.0103138 -0.0299615 -0.0886025 0.0349186 -0.177024 0.0688501 0.0500515 0.170977 0.119267 0.128018 -0.145566 0.14358 -0.0540475 0.185154 -0.0830573 -0.154252 -0.072098 0.0709666 0.123587 -0.157916 0.0266278 -0.166583 -0.156782 0.0984482 -0.147393 -0.0662107 0.0128554 0.0837729 0.192551 0.197748 0.00391282 -0.00776086 -0.112291 0.0771732 0.0594347 0.00472727 -0.00823265 -0.0434158 -0.100424 -0.109474 0.044994 0.0510802 0.164423 -0.0634474 0.00331941 0.105907 -0.136547 0.145248 0.0769671 -0.0781292 0.0894722 0.156738 -0.0377053 -0.149534 0.0115775 -0.0558837 -0.113349 0.0398152 0.0468515 0.140163 0.178262 0.177957 -0.126728 0.0100774 0.148306 0.0476449 -0.123645 0.0343511 0.094901 -0.0645012 
0.188518 -0.0332583 0.105423 0.0738813 0.0892817 -0.12041 -0.131594 0.0877424 -0.149306 -0.00950764 -0.182537 0.0145213 0.0686271 -0.0614743 0.0458009 -0.0592069 -0.177693 0.114958 0.145537 -0.140858 -0.0925351 0.169525 0.0717345 0.0207177 0.0356822 0.0916315 0.177888 -0.020249 -0.149066 -0.0371402 0.0993737 -0.0809026 0.0281404 0.00582784 -0.136223 -0.0479789 -0.102755 0.105477 -0.018312 -0.0855579 -0.0289367 0.0789825 0.159017 0.134971 -0.0609575 0.185833 0.158576 0.1398 -0.168267 0.00447965 -0.170057 0.068515 -0.177899 0.116702 0.105504 -0.181494 0.031457 0.0900316 -0.105575 -0.172186 -0.105391 -0.118881 0.176534 -0.155846 -0.157251 0.0565808 -0.177614 0.112047 -0.0773434 0.162479 -0.00499627 -0.045204 -0.187423 -0.0207295 -0.111175 0.167461 -0.0429936 0.12104 0.0474241 0.189065 -0.0384961 -0.152264 -0.0799648 0.123934 0.154756 -0.137957 -0.154992 0.116713 -0.101454 -0.105992 0.189425 0.108683 -0.00638951 0.0279628 0.117351 -0.173562 -0.169215 -0.0215997 -0.0656729 -0.0419395 
0.0997481 0.0629522 -0.195422 -0.137702 0.00799322 0.178352 -0.0142503 0.0249823 -0.00898803 0.148638 0.0425019 0.0089278 0.0447025 -0.0957617 0.115837 0.0337401 0.0135537 0.16121 0.192421 0.121482 -0.195359 -0.0320816 0.159232 0.0826371 -0.167022 0.196965 -0.0508411 0.0165453 0.037225 0.084388 0.188503 -0.194296 0.00219773 -0.110717 -0.127329 -0.160842 -0.164001 -0.176621 -0.102911 -0.114116 -0.115544 0.0264784 0.161197 -0.175463 -0.122725 -0.00826558 -0.0389343 0.0357725 0.0333678 -0.0552217 0.06364 0.107996 0.0458351 -0.19973 0.043694 0.00133971 0.0652992 -0.122922 0.16792 0.0922196 -0.0702856 -0.00655109 -0.00953575 -0.0582444 0.117791 0.174753 -0.180001 -0.0144582 0.0415765 -0.0574852 -0.1521 0.103703 0.0404291 0.0628087 -0.0798175 -0.0620712 -0.153195 -0.196667 0.198275 0.0273551 -0.186189 -0.0674568 0.162496 0.0187421 -0.0309235 -0.0755486 -0.152302 -0.0590065 0.0772246 -0.138209 0.180081 0.0457331 0.205013 0.113379 0.121664 0.208339 0.16618 -0.0572254 0.142606 -0.0970638 
0.096651 0.170325 -0.210207 -0.163311 -0.0379551 0.155438 -0.146468 -0.217094 -0.0169292 -0.0380104 -0.0256093 0.112501 0.191044 0.0768821 0.144861 0.120326 0.123878 -0.182225 0.119665 0.184125 0.147553 -0.0958723 0.161327 0.228489 -0.202212 -0.130434 0.227253 -0.0136116 0.124993 0.12941 -0.0153101 0.133269 -0.144883 0.115626 -0.188429 0.180996 0.176749 0.124344 -0.14393 0.109761 0.0266504 -0.062892 -0.183097 0.181957 0.133395 0.0623705 -0.1384 0.117522 -0.174486 0.0924038 -0.0228036 0.0124639 -0.126283 0.00643755 -0.118505 -0.151461 0.138525 0.018721 -0.115639 0.0554195 0.0386564 -0.0929311 0.0221534 -0.0598931 -0.143934 0.0772533 0.000222048 0.0199614 0.00757465 -0.180307 0.0140606 0.11442 -0.0811677 0.101463 0.123562 -0.115031 -0.116866 -0.148499 0.0559858 -0.0438262 -0.115542 -0.16725 -0.10532 0.0965218 -0.091399 0.161486 0.0368259 -0.0161116 0.0941929 -0.0266252 -0.114636 0.00630037 -0.00177627 0.0694338 -0.190687 0.0688578 0.0694498 -0.0532136 0.198723 -0.0927791 
0.135273 0.0572238 0.194031 -0.126003 0.0992414 -0.189952 0.0866791 -0.00891022 -0.177285 -0.147647 0.0784802 -0.200161 -0.0955193 0.12629 0.174679 0.0863369 -0.163736 0.184566 0.139091 0.0162675 0.00992673 0.106258 -0.146397 0.00816738 0.136411 -0.165399 0.0724022 -0.0589274 -0.00512413 0.138537 -0.0118153 -0.15648 0.0942991 -0.194113 -0.0227837 -0.00395748 0.0389965 -0.177975 0.0602984 -0.0691687 0.160653 0.152446 -0.111708 -0.173858 -0.0743693 -0.141306 -0.00431061 -0.0600579 -0.182947 -0.0147968 0.065134 -0.0640063 -0.00153865 -0.169597 -0.0352607 0.122287 0.148354 -0.00399839 -0.113948 -0.0156739 0.176516 0.115182 0.129219 0.113406 0.123519 0.101178 0.116813 -0.191611 -0.0247718 -0.100197 -0.0424159 0.116124 -0.0947981 -0.0359631 0.185663 -0.0631756 0.0979556 -0.0754478 0.0839809 0.140457 0.0501305 0.0593293 0.0462467 0.158757 -0.127436 0.0751448 0.106789 -0.139524 -0.118253 -0.139529 -0.0159295 -0.184225 0.133567 -0.0781671 0.165085 0.0486832 -0.180823 0.0748303 -0.01995 0.135877 
0.0659323 -0.0616512 -0.173111 0.0476259 -0.173311 0.165057 5.94511e-05 0.0769819 0.110912 0.155403 0.132033 -0.108744 -0.14691 -0.0220386 -0.10596 -0.16627 0.195879 -0.0299594 -0.186387 0.0671567 -0.105545 0.115664 -0.14771 -0.00520355 -0.191177 -0.153477 -0.115197 -0.124783 0.0970995 -0.0181162 0.0480592 0.181545 -0.0252975 0.189658 -0.158929 -0.145073 -0.152765 -0.100237 0.110446 0.109323 -0.0184939 0.0114173 -0.141634 -0.0681883 -0.171754 -0.183056 0.174519 0.162138 -0.0507141 0.0413786 -0.0506867 -0.128834 0.094637 0.0117845 -0.0403968 0.0987914 0.0556956 0.0979788 -0.0545464 0.00359949 -0.177917 -0.0514225 -0.00602338 0.00245812 -0.0909206 -0.178723 -0.063569 0.106081 -0.1502 -0.025209 0.143562 -0.0609665 -0.0662858 0.132813 -0.115857 0.191296 0.0223408 0.101324 0.116413 -0.107781 -0.0385229 0.0157105 -0.191314 -0.156327 0.0464635 0.177117 -0.0951304 -0.00977927 -0.00132959 0.00480545 0.0379424 0.0680453 0.0728724 0.0429096 -0.0816074 -0.137978 -0.048401 0.0438997 -0.113952 -0.0565767 
-0.102293 0.0151334 0.0726737 -0.0788323 0.0805599 -0.000370464 -0.0846682 0.0551156 0.153992 -0.160649 0.210115 0.227902 0.0591014 0.0929796 -0.132363 0.178404 0.102272 -0.101046 -0.152346 -0.112105 -0.170714 -0.101822 -0.0721919 0.118583 0.0907015 -0.145475 0.0837237 -0.137028 0.11925 -0.0606974 -0.0716004 -0.0128565 -0.165498 0.147976 0.0517921 0.0890736 0.161399 -0.196811 0.218808 -0.195953 0.0487388 -0.0817304 0.138263 0.126783 0.182169 0.112613 -0.079281 0.154192 -0.0271761 -0.101948 0.145642 -0.170068 -0.0269507 -0.00438135 0.073866 -0.144861 -0.0599302 -0.159973 -0.0233014 0.0453712 -0.0725591 -0.141594 -0.0383614 -0.0600909 -0.146439 0.144886 0.109481 0.100662 -0.16235 -0.0452138 0.026863 -0.0988281 -0.118622 0.0816705 -0.113633 0.0534406 -0.0553899 0.013577 -0.0334369 0.175349 -0.142178 -0.190404 0.0830364 0.171359 0.0733066 0.0688973 0.094856 0.216249 0.151833 -0.116908 0.145338 -0.0987314 -0.0407406 -0.187768 0.00277108 -0.0691427 0.152466 0.106673 -0.168328 0.158192 
-0.093137 -0.0450364 0.1389 0.0552534 0.121283 0.198477 0.0431408 0.186838 -0.142774 -0.138542 0.110218 -0.124935 0.0186135 -0.191439 0.00134415 0.189805 0.0816238 -0.0997074 -0.0636337 0.059199 -0.156327 -0.0616929 -0.114752 0.0536041 0.146546 -0.0132841 -0.162499 0.180091 -0.146806 -0.142484 0.0638868 0.147413 0.0452965 0.183691 -0.179975 0.101836 -0.0910927 -0.0401222 0.0616652 -0.142425 0.105063 -0.0482604 0.119899 -0.0568746 -0.180195 0.129844 0.0629456 0.124986 -0.12512 -0.0856157 -0.0549003 0.0517216 -0.0965854 0.167777 -0.0444753 -0.126344 -0.0173209 -0.0401478 -0.139217 -0.164149 -0.147071 -0.154939 -0.14915 0.0125852 0.142239 -0.143485 -0.0612462 -0.160998 0.0311482 -0.0116062 0.203457 -0.0647341 0.0510339 -0.110982 0.0177547 -0.102168 0.173273 0.192183 0.175097 -0.0390045 -0.0162129 0.161828 -0.0541365 0.153985 -0.0498732 -0.0541481 0.164391 -0.0876058 0.135984 0.150744 -0.138175 -0.0723906 -0.116375 0.0772317 0.106459 -0.116803 -0.071215 0.194307 -0.172341 -0.0539187 
-0.18317 0.000573938 0.00174727 -0.0364666 0.2063 -0.00799188 -0.144923 -0.202957 0.146958 0.185963 -0.0593666 0.00654224 -0.0338923 0.0576265 -0.0163547 0.0495785 -0.0212146 -0.0103015 -0.0511457 -0.0595253 -0.237726 -0.0892751 -0.00313498 -0.0562043 -0.252081 0.146134 0.252169 0.0923132 0.190399 -0.00468139 -0.119906 0.0405983 0.023773 -0.162943 0.170489 0.0347968 0.165795 0.027495 0.10993 0.136376 -0.143726 0.0788951 -0.133325 -0.0537098 0.0895504 -0.17764 -0.0764174 -0.0506114 0.191918 -0.128548 -0.0352644 -0.13542 0.202276 0.025385 -0.101392 -0.150363 0.142762 -0.0308401 -0.152037 -0.0351509 0.17078 0.126312 -0.146278 -0.106717 0.0162307 0.312045 -0.166248 -0.0248796 -0.0307245 0.119731 -0.179249 -0.10098 0.14495 -0.0904749 0.134777 -0.134019 0.133195 -0.186301 -0.149397 -0.172041 -0.135864 -0.0564774 -0.0965474 0.0690812 0.162922 0.0522172 -0.205822 0.0132837 0.114556 0.193831 0.0750944 -0.104535 0.141319 0.127284 -0.0870408 -0.114285 0.102242 -0.115941 0.195806 0.14627 
-0.148375 -0.175123 -0.199804 0.0852068 -0.078424 -0.0139978 -0.112594 -0.16307 -0.101291 0.0208791 -0.104657 -0.0140671 0.0250656 0.0925281 -0.0454661 -0.115282 0.127257 0.147462 0.0408511 -0.077098 -0.154376 0.149234 -0.0978802 -0.110738 -0.195411 0.168478 -0.00492695 -0.0825591 0.099369 -0.0965689 0.0207318 0.00294522 0.217327 -0.0815963 0.0264114 -0.093565 0.0514362 0.213849 0.182054 -0.0690648 0.0213478 -0.137282 0.0800363 -0.117894 -0.047848 -0.0327775 -0.133247 -0.0900026 0.0850753 -0.0350883 0.031956 -0.0324676 0.182379 0.022601 0.0213813 -0.0647754 0.143653 -0.189886 0.0478822 0.222624 0.0283497 -0.0477669 -0.0798928 -0.0718437 -0.0958352 0.270346 -0.0529529 0.00537731 -0.114339 -0.0276764 0.0204238 0.0815913 -0.0857437 -0.105831 -0.0716646 -0.0850422 0.216872 -0.207759 0.030718 0.0320382 -0.114281 -0.11018 0.174087 -0.196034 -0.0136332 -0.0841845 -0.14466 0.215099 0.1856 0.0665829 0.0812884 -0.175931 0.0295858 -0.0561793 0.132494 -0.0312498 0.18775 -0.187928 -0.0586284 0.180199 
-0.0591311 -0.169717 0.155124 -0.138393 -0.0875908 -0.104994 0.0714108 0.0666177 -0.190425 0.173101 -0.039646 0.13244 0.154049 0.151253 -0.181245 -0.116039 -0.0363795 0.114696 -0.183962 -0.195785 -0.187411 -0.0838376 -0.154687 -0.0306018 0.0917148 0.0510461 -0.141973 0.135036 -0.142439 -0.0143072 0.188688 0.0151235 0.0900919 -0.0768449 0.126626 0.10016 0.0672607 0.133158 0.14819 -0.0410065 -0.177717 0.171224 0.0519954 -0.089156 -0.0534381 0.113855 0.000612792 0.0819938 -0.0133095 0.174116 -0.0166959 -0.105727 -0.200015 0.0489164 0.0330947 0.179883 0.137273 0.0162505 -0.0515297 0.158138 0.140799 0.110897 -0.0659652 0.15617 0.0834876 0.00169393 -0.0870407 0.119162 -0.19708 0.165781 -0.0236848 -0.0659166 -0.16598 0.132247 0.185081 0.194572 -0.0528237 0.0776509 0.188264 -0.0127805 -0.0848148 -0.144616 0.112887 -0.0778871 -0.118739 -0.0691196 -0.195118 0.0874919 0.0634912 0.188268 -0.0575643 0.0927623 -0.0894678 0.0464676 -0.0106022 0.0190542 -0.099618 -0.080996 0.192622 0.155641 
-0.168149 -0.0155242 -0.178471 0.0223944 0.0862531 -0.174831 0.106209 -0.0136393 0.182782 0.103059 -0.120708 -0.157816 0.00615466 -0.127354 -0.160567 0.0160798 0.131936 0.0547978 -0.0828422 -0.0329594 -0.19662 -0.102478 0.178468 -0.013924 0.0315365 -0.153539 -0.158811 -0.0999236 0.0896441 0.0750675 -0.0690623 0.0725982 -0.0050898 0.100489 0.0177692 0.147152 -0.141518 0.0747774 -0.0914502 0.0587016 0.180206 -0.0383483 -0.132813 0.0129416 -0.0941437 -0.105712 -0.147417 -0.0484472 0.167261 -0.198341 -0.00463852 -0.106908 0.183862 -0.0347323 -0.196957 -0.0437916 -0.0578643 -0.11546 -0.0520744 0.0966176 -0.0766642 -0.00509678 0.156773 -0.108711 0.127226 0.149299 0.113324 -0.043327 0.129797 0.0778013 0.0440748 -0.0482017 -0.197275 0.0476733 0.167761 0.0161879 -0.174748 0.18564 -0.186137 -0.0714741 -0.0331566 -0.164982 -0.193339 0.073549 -0.180758 0.106695 -0.038623 -0.0117247 0.189726 -0.062197 -0.0240502 0.124972 -0.0438219 -0.178954 -0.127403 -0.0885863 0.0241414 0.0679762 -0.0550803 -0.179075 
-0.129333 -0.0539576 0.0992655 -0.189674 -0.0494733 -0.175497 0.0176818 -0.11195 -0.170261 -0.160717 0.0155134 -0.0602439 0.0142236 -0.0274414 -0.084339 0.0888328 0.14832 -0.106317 -0.147371 0.162134 0.0261804 0.118539 -0.0636816 0.1171 0.148447 -0.110706 -0.187855 -0.171453 0.0637093 0.0994061 -0.0780183 0.0533462 -0.107013 -0.141494 -0.0242433 0.0548041 -5.99334e-05 -0.136777 -0.194185 0.178079 0.131974 -0.190087 0.170974 0.161101 0.132698 -0.0359349 0.132222 0.113535 0.0185112 -0.126035 -0.0944948 -0.14434 -0.0277656 0.0681952 0.118019 0.154635 -0.0124351 0.0105705 -0.157446 0.190904 0.003869 0.0366297 0.0991894 0.197916 -0.108323 0.0141275 -0.133873 0.0975081 -0.18178 -0.0955011 -0.0721305 -0.0928118 -0.16333 0.0916897 0.0280098 0.171173 0.0757863 0.130095 0.17709 0.115672 0.0116095 0.197786 0.113003 0.0284042 0.159146 -0.139639 0.134686 -0.102204 -0.0417185 0.0723663 0.0945906 0.0872016 -0.0873654 0.0275088 -0.103528 -0.160456 -0.179409 -0.0166441 -0.128181 0.0277131 
-0.125225 0.000304647 -0.114693 0.0932649 0.20491 -0.0228744 0.125606 0.177071 -0.0255692 -0.132475 -0.124589 0.139752 -0.0434798 -0.141607 -0.0175579 0.185888 0.0173319 0.0194937 0.0440753 0.159507 -0.088576 0.0359441 0.0427227 0.0736432 0.160294 -0.0977028 0.109011 -0.212394 0.00961488 -0.157579 0.0921931 0.15749 0.218254 0.141881 -0.0404212 0.0142943 0.184275 -0.0974907 0.184514 0.153897 0.0364457 -0.138165 -0.0929579 -0.104276 -0.0829111 -0.196184 0.144291 -0.142123 0.126705 0.0789116 0.187397 -0.0225427 -0.0205501 -0.0079077 0.177594 0.0906981 0.199228 0.105136 -0.0541016 0.108936 -0.168648 -0.0129113 -0.140859 -0.131405 0.191391 0.0396513 -0.0314918 -0.0725574 0.0207307 -0.167654 0.145658 0.107414 0.00972417 -0.0564866 0.130192 0.0683357 0.138685 -0.106001 0.172758 0.0836662 -0.190508 -0.0612468 0.116942 -0.029427 -0.0296421 0.0534305 0.0406108 -0.161274 -0.122112 -0.0181919 -0.0620303 -0.156898 0.0201351 -0.190361 -0.216141 -0.187057 -0.0967084 0.136818 -0.130024 0.209461 
0.14885 0.115551 0.198147 -0.11697 0.0209724 -0.102598 0.0568525 0.105987 0.0881997 0.0581365 -0.12047 -0.211106 -0.15898 0.0318127 0.150452 -0.105559 0.0152137 -0.0472368 0.0917986 0.132732 0.0860315 0.195114 -0.110576 -0.102276 -0.116718 0.0163505 -0.0556544 -0.015781 0.117191 0.0804516 -0.172737 -0.101239 -0.196296 -0.125658 0.0984627 -0.0366471 -0.146199 0.0707863 0.105407 -0.0321421 -0.19407 0.0193837 -0.0469638 -0.10398 -0.189376 0.0503786 -0.0375172 0.0445878 -0.150343 -0.154586 0.18364 0.133446 0.184231 0.175592 -0.0973698 -0.117763 0.0866103 -0.0902413 0.164476 0.189543 -0.121477 -0.154635 -0.0560826 0.0363598 0.140974 0.0285691 -0.131331 0.132141 -0.0775287 0.175745 -0.192306 -0.00717897 -0.0395249 0.0580686 0.10183 0.0310086 -0.171418 0.0735418 -0.0721803 0.0944426 -0.0600427 -0.0728516 -0.193143 -0.0766544 0.116441 -0.0810367 0.145062 0.12316 -0.0250978 0.154941 -0.0478709 0.0442392 -0.0851785 -4.19737e-06 0.173579 -0.00550771 0.0779758 0.00109029 -0.0709814 0.0275082 
-0.103168 -0.0131107 0.0106306 0.188343 -0.116245 0.164119 -0.0767565 -0.00499877 0.150415 0.0954539 -0.0128755 0.0196919 -0.0569904 -0.0183107 0.11509 -0.0357236 0.0108306 0.159872 0.121572 -0.159378 -0.108565 0.106394 0.0817406 0.124167 0.0319983 -0.123813 -0.0874167 -0.187289 -0.0470973 -0.103578 0.104371 -0.0870536 0.0939994 0.176476 -0.139078 -0.125855 -0.0593621 0.00931447 -0.166512 -0.154067 -0.0537081 0.197649 -0.0798199 -0.00909226 0.0498716 0.0175462 -0.100746 0.0283319 -0.0740335 -0.189493 -0.167046 0.0162773 0.0868345 -0.128848 0.113124 0.113768 -0.129402 0.12411 -0.153052 -0.0620491 -0.169074 0.198168 -0.0344745 0.010284 0.16754 -0.149919 0.0792357 0.18545 0.0271966 -0.157159 0.115821 -0.166972 -0.189785 0.150492 -0.162242 0.12908 0.0584687 0.0397865 0.0492516 -0.0372999 0.194324 -0.167735 -0.0944621 -0.192399 0.196533 0.146093 -0.154384 0.0641807 0.192291 -0.146686 -0.0248607 0.139883 0.0792952 -0.0523718 0.111406 -0.0751486 0.107474 0.0976957 -0.167949 -0.164271 
0.184396 0.0177221 0.112445 0.163669 -0.162223 0.128824 -0.188184 0.175161 -0.0249961 -0.0621187 0.128183 0.136618 0.129607 0.176596 0.109882 0.0534351 -0.0595894 -0.111197 -0.0351793 -0.155839 0.108842 0.105566 -0.00901465 -0.119545 -0.0608069 -0.0627977 -0.0946457 -0.184862 0.0349955 0.152107 -0.187961 -0.0269994 -0.145591 -0.142413 0.0136589 0.19624 0.159869 -0.180009 -0.0236904 -0.0189737 -0.186018 0.163979 0.170548 -0.126137 -0.0627965 -0.130429 -0.170394 0.194482 -0.0514318 0.167399 -0.0939978 -0.0917106 0.0986336 0.00125529 -0.110922 0.147487 0.00114923 0.127538 0.162656 0.0912122 -0.0106784 -0.197757 -0.174179 0.00414921 0.07834 -0.0199929 0.16472 -0.105811 -0.0537379 0.0288604 -0.18504 0.150304 -0.125158 -0.0476234 0.0940868 0.067426 -0.0641806 0.120469 0.0765254 -0.160168 0.103336 -0.0986681 0.0988972 -0.107015 0.0970318 -0.141667 0.0668392 -0.145424 -0.169204 -0.0964362 0.143338 -0.042907 -0.162787 0.00798507 0.187458 0.169292 0.0495276 0.148805 0.10743 0.116322 
-0.12578 -0.191461 0.129638 0.157513 -0.0759975 -0.030447 -0.188082 0.0778449 -0.156576 -0.126223 0.0725656 0.00952753 0.0202696 0.194348 0.183176 -0.0834076 -0.0948929 -0.169864 -0.00222078 -0.141513 0.103339 0.0573118 -0.03268 -0.0543131 0.081194 -0.174075 -0.127202 0.0495112 0.104628 0.0926799 -0.120073 -0.0865801 -0.149483 -0.199152 0.114877 0.0334302 0.186102 -0.0769574 -0.107471 -0.147681 -0.15674 -0.176123 -0.153919 0.0443209 0.083236 0.0157338 0.0967532 0.162574 -0.152484 0.080235 -0.192113 0.0929298 0.0904654 -0.0792017 0.141929 -0.0515633 -0.120075 0.102015 0.0355128 0.129366 0.12918 0.156995 -0.117453 0.0673577 -0.00317853 -0.175563 -0.186839 0.133542 -0.14264 -0.0322754 -0.140815 0.0239379 0.144318 -0.146219 0.128223 0.0525977 -0.057517 0.0567429 -0.0128302 0.157412 0.166365 -0.0479198 -0.0781843 -0.149119 0.142534 0.0423002 0.0921674 -0.00731138 0.178456 0.195724 0.180747 0.102042 -0.180589 -0.0160537 0.113436 0.149794 -0.0125208 0.0603695 -0.0817109 -0.0826618 
0.159426 -0.174822 -0.182833 -0.0509894 -0.0198608 0.00359092 0.109192 -0.123769 0.0990548 -0.0319853 -0.0448418 -0.169606 -0.0639565 0.0126705 0.170611 0.157446 0.0739829 -0.0187031 0.00713781 0.0281662 0.0318996 -0.0773929 -0.028438 -0.160252 -0.0881082 -0.179689 0.072615 0.158246 0.0268324 0.146721 0.12727 0.0446509 0.170005 0.120612 0.141464 -0.0242204 -0.0695844 0.00197113 -0.169539 -0.0713415 0.165538 0.0219154 0.12341 0.163301 0.0743005 -0.169894 -0.12892 0.187307 -0.0806088 -0.0249288 -0.0270811 -0.114769 0.102175 -0.0257674 0.163174 -0.0463511 0.0893699 0.14015 0.00424214 0.033297 -0.184714 0.104886 0.135324 -0.00558307 -0.115026 -0.102871 -0.188689 0.0709727 0.10366 0.113492 -0.090758 0.134882 0.142441 0.0208007 -0.142319 0.15199 -0.0340365 0.143501 -0.143579 -0.181343 -0.183771 -0.0812297 0.178141 -0.110885 0.0166516 0.00863446 -0.124364 0.114474 -0.0224706 0.163538 -0.0244818 0.0689411 0.12066 -0.160097 -0.0943232 0.153741 0.187315 -0.112974 -0.0801476 0.0273218 
0.0649043 0.0860453 0.0652135 0.0745401 -0.0704597 0.145192 0.160954 0.0569937 -0.229059 0.17033 0.0369717 -0.0847519 -0.113967 0.0130543 0.220228 -0.164918 0.0357936 -0.0790373 0.0280086 0.00890483 0.1641 -0.0696068 0.136127 -0.139953 0.183963 0.0398467 -0.0430417 0.177703 0.0295706 -0.112547 0.058545 -0.156465 0.120238 0.150688 0.13537 -0.193655 0.0274876 -0.135439 -0.0858668 0.133367 -0.0796251 0.0267201 -0.194469 0.146409 -0.149962 -0.17501 0.177093 -0.0438068 0.10753 -0.0486413 -0.0861423 0.108692 -0.128807 -0.125584 -0.172201 -0.177969 -0.153551 -0.107192 -0.0251369 -0.0570854 -0.0108781 -0.00779971 -0.167341 -0.0464736 0.00251709 -0.0796064 0.0995933 0.0453155 0.131614 0.195261 -0.0435584 -0.0955251 0.196003 0.00298969 -0.127912 0.148809 -0.0055846 0.231705 0.184604 -0.039417 0.0201739 -0.127779 -0.125955 0.22227 -0.104609 -0.0199019 -0.0459733 0.0932893 -0.137551 -0.099573 -0.0581406 0.0923579 -0.00442987 0.178154 0.137974 -0.0366734 -0.0412231 0.00082425 0.148455 0.0830908 
0.189247 -0.00574358 -0.0432213 -0.0658095 0.0673788 0.0134195 -0.133208 -0.0998074 0.0271597 -0.139566 -0.000749474 0.193092 -0.0402977 0.112842 0.0409797 0.15989 -0.127442 0.0178988 -0.17358 -0.169238 0.0543027 0.128291 0.042274 -0.0447875 -0.0380163 -0.0436156 -0.0228804 0.141907 0.0202582 -0.00748706 -0.0876527 -0.183468 0.0677178 0.107805 -0.0346279 0.0586108 0.0310398 -0.181252 0.131168 -0.0880438 0.103858 -0.0292013 0.126506 -0.161943 -0.0182361 0.0906201 -0.166247 0.104191 -0.0346601 0.0995885 0.0380651 0.0537062 -0.195783 -0.0251873 -0.14257 -0.0464571 -0.119046 0.0785246 -0.0806087 -0.0141137 0.0077519 -0.0684307 0.148306 -0.0215036 -0.145422 -0.109748 -0.0161544 -0.197986 0.0524268 0.133518 0.159102 0.191314 0.128996 0.0392896 0.195432 -0.191388 -0.180846 0.152331 -0.0166365 -0.119071 -0.0595215 -0.0402045 0.046648 0.0942022 -0.126221 -0.182585 0.0289098 0.0326366 -0.198238 -0.0696809 0.138655 0.0934731 -0.121932 -0.178636 0.0997152 0.0422578 0.0452592 -0.17955 -0.0900129 0.00984509 
0.073999 0.0469647 0.0451535 -0.0462407 -0.184959 0.136862 -0.0946872 -0.175094 -0.160277 -0.0699192 0.010482 0.194837 0.00298565 -0.0323884 -0.0728815 -0.0814865 -0.114756 -0.170671 -0.0343426 -0.190044 -0.0239388 -0.135198 -0.192478 -0.1426 -0.10863 -0.143119 -0.186808 0.061661 0.0696849 -0.0871514 -0.160105 -0.0239945 -0.0941294 -0.151322 0.126751 0.00603585 0.0932866 0.0248294 0.168638 -0.199177 0.158127 0.120798 -0.114109 -0.147338 -0.108524 -0.0662744 0.13035 -0.198009 -0.03309 -0.0148537 0.162855 0.124455 0.0262288 0.0981943 0.0722479 0.0604913 -0.0449121 -0.0423721 0.0742544 -0.0300786 0.00194939 -0.0574959 0.00668004 0.150303 0.14672 -0.106485 -0.0612742 -0.153873 0.170523 -0.145364 0.196016 0.0301564 -0.00568832 -0.0805634 0.137234 0.166874 -0.132238 -0.0433063 -0.179802 0.156861 0.146902 0.0367325 -0.0218068 0.105357 0.0552792 0.0919531 0.0523944 -0.187138 -0.165532 -0.0957369 -0.177985 0.0490882 -0.0962402 0.142159 0.128434 -0.195 -0.0808044 0.0522809 0.140354 0.068926 
0.000997259 -0.0757934 0.108597 -0.0623054 -0.113043 -0.183926 -0.135802 -0.137052 -0.057449 -0.0898835 0.111445 0.208706 -0.0903746 -0.196023 -0.0230665 -0.00808753 -0.0318301 -0.217848 0.115415 0.0121724 -0.00347693 0.0349809 -0.0624381 0.213373 0.0862568 0.0993123 -0.069929 -0.11429 0.0876527 -0.199466 -0.194187 0.00564875 0.10454 0.00571439 0.0682253 0.0208921 0.00321276 0.0521414 0.0997707 -0.207036 0.126613 0.160296 0.0786368 0.117475 -0.0816858 -0.100321 -0.00985248 -0.090038 0.180209 -0.0998543 0.175896 -0.180946 0.0774948 -0.0426173 0.188373 0.180266 0.0894698 0.0282193 -0.182412 0.230284 -0.113909 -0.170764 -0.12036 0.184561 -0.0979285 0.182543 0.126747 -0.188697 0.0372679 0.059741 -0.165585 -0.142621 0.131131 -0.182365 -0.212676 -0.0277954 -0.154666 0.0391769 0.211182 0.155824 0.196108 -0.052502 0.112105 0.179244 -0.144454 -0.082311 0.0789955 0.205294 0.151674 0.198371 0.0539783 -0.131138 0.185405 0.141753 0.111288 0.0793651 0.175898 0.184358 0.166487 0.0604351 
-0.221938 0.0404525 -0.162705 -0.139945 0.0743466 -0.00496039 -0.0106842 0.0186894 -0.124731 -0.137082 0.0813727 -0.121958 -0.100902 0.0316613 0.00594859 0.195096 0.140995 -0.00624615 -0.0102775 0.158744 -0.0341851 -0.0460653 0.192201 -0.133345 0.0175667 -0.12953 -0.00229904 -0.0439826 0.00472572 0.0188036 0.161453 -0.126921 0.180081 0.122702 0.153755 0.155609 -0.031508 -0.121259 0.175881 -0.11686 0.108255 -0.0109658 0.119016 -0.0493319 0.0580046 0.0655371 0.0626632 -0.107782 -0.124166 -0.0590005 0.155602 0.00293686 0.142933 0.113731 0.0639309 -0.176721 -0.123224 -0.164877 0.0139741 0.253444 0.204506 0.121272 0.132431 -0.0756867 -0.054055 -0.0966392 0.0825139 -0.0276393 -0.0385767 -0.0468325 -0.0756243 -0.0628516 0.00548897 -0.0504009 0.141192 0.0426516 0.237623 0.0895153 0.197109 -0.0588971 -0.169845 -0.150453 0.17832 -0.0849988 -0.138661 -0.0542403 -0.0723013 -0.0153095 0.073278 -0.0619277 0.162279 -0.166208 0.197063 0.0293489 -0.055661 0.108608 -0.111253 0.0723088 0.192241 -0.0991997 
-0.0800992 -0.0186786 0.108988 0.0610574 0.116809 -0.113987 -0.0684482 -0.182757 -0.0754645 -0.0531063 -0.0634168 0.0943795 0.0368963 0.0225325 -0.0444839 0.077409 -0.147999 -0.12251 -0.125976 -0.132783 -0.164796 -0.0384784 -0.0910564 -0.0690869 -0.0759032 0.00184619 -0.203816 -0.177295 -0.0463197 -0.145773 0.0656137 0.166533 -0.0602914 0.0230807 0.178193 0.0511582 0.181662 -0.000568827 0.0110603 -0.117879 0.101327 0.0272491 0.187485 -0.0698966 -0.0796101 0.0609158 -0.11626 -0.094778 0.0894182 -0.00749027 -0.107702 0.0653679 0.150941 0.13689 -0.0143844 0.0143497 0.0141547 -0.120347 -0.0393629 0.0228196 0.0298178 -0.0938415 0.0621985 0.0191488 -0.0388783 0.00719194 -0.160941 0.0589568 0.110669 0.10686 0.102294 0.168482 -0.169288 0.112906 -0.156787 0.177313 -0.0676847 0.00799742 -0.0330823 0.081777 0.190683 0.155919 0.155181 -0.142887 -0.127734 0.175254 -0.0403175 -0.0775964 0.126807 0.15346 0.0652053 0.0830047 0.0231216 0.085135 -0.114096 0.0491671 0.192196 0.194793 -0.164935 0.149744 
0.0621113 0.181422 0.131493 -0.160812 0.0814331 -0.0922558 0.0665589 0.235133 -0.0444612 0.0607464 0.126284 -0.148162 -0.0223414 -0.0191649 0.00606993 -0.0427713 0.192605 0.125005 -0.141365 -0.191577 0.134138 -0.155212 -0.102115 -0.0367183 0.0981946 -0.138492 -0.113468 -0.106739 -0.107548 0.199822 -0.115816 -0.181623 -0.187826 0.0144668 -0.0154201 -0.0355167 -0.0184997 0.178317 -0.223585 0.0995162 0.0441283 -0.122283 -0.0768471 -0.0852322 -0.117608 -0.0509467 -0.187317 -0.188369 -0.0135841 0.0243123 0.194624 -0.102619 -0.139824 0.182889 0.19078 0.130067 0.0345806 0.12409 -0.00895204 0.0323766 -0.00217481 0.0916222 -0.0097184 -0.117033 -0.113036 0.02198 0.129939 -0.0752557 0.185354 0.0405338 0.190801 0.0485534 -0.0298428 -0.131549 -0.143902 0.115739 0.0775188 -0.0914692 0.148701 0.162482 -0.0212413 0.0323831 0.112709 -0.0193736 -0.172811 0.0239272 -0.0985984 -0.0353511 -0.187977 0.00760286 0.0473312 0.0976673 0.165127 0.0256641 -0.112728 0.112898 0.17079 0.145834 0.165253 0.0308618 
-0.103946 0.127756 -0.0968551 -0.177282 -0.0131588 0.126536 -0.114986 0.162836 -0.065412 -0.0312002 0.0269651 -0.0357151 0.103636 -0.111024 -0.0411517 -0.0508049 -0.000656233 -0.0257102 -0.165084 -0.107123 -0.0927839 -0.0814125 0.121679 -0.0253979 0.0696669 -0.183875 0.0264568 0.132064 -0.133226 -0.129291 -0.173516 -0.15349 0.0499657 0.0822939 -0.0152056 0.0981519 0.209772 -0.141097 0.181366 0.0863818 0.155187 0.0925182 0.0700557 -0.164482 0.14843 0.172661 -0.0881686 0.136227 -0.127397 0.106526 -0.139736 0.0276896 -0.170068 -0.194713 0.146503 -0.0142329 -0.13928 -0.114066 0.0587461 -0.169649 -0.184729 -0.11807 0.108233 -0.171369 -0.0825395 0.222499 0.102237 -0.156992 -0.184302 -0.134679 0.0968372 -0.155893 -0.123179 0.171172 -0.0182589 0.0545477 -0.0191867 0.118874 -0.178837 -0.150624 -0.176055 0.175316 0.137817 -0.174502 0.185438 0.134429 -0.142674 0.154719 0.0601129 0.132147 -0.0761863 -0.0980239 -0.138253 0.180011 0.0693548 0.169609 0.0319707 -0.0661516 0.0512444 -0.10005 
0.171394 -0.169048 0.151845 0.17506 -0.132639 -0.137507 -0.187694 0.160141 0.0555793 0.111866 0.135504 -0.143278 -0.0151332 0.166701 -0.0135827 0.0370686 0.147138 -0.0972921 0.112107 0.0651532 0.158318 -0.163559 0.108797 0.0411665 0.163271 0.0831226 0.0306397 0.167063 0.174683 -0.00867071 -0.13365 -0.199423 -0.187883 0.123401 -0.0171154 -0.0844853 0.00583309 -0.118246 0.0151017 -0.125951 -0.184101 -0.0937471 0.196459 -0.0751146 0.0270754 0.147397 -0.048855 -0.0995542 0.17375 0.0647337 0.149493 0.147421 0.113659 -0.154476 0.118188 -0.104424 0.00426747 0.17657 -0.0802141 0.198033 -0.00247592 0.130046 -0.199188 0.0077367 -0.0639182 -0.166251 -0.165542 -0.179977 -0.0160809 0.0913671 -0.0671598 -0.13287 0.0950417 0.0507279 0.115459 0.17604 -0.172424 0.134207 -0.0347237 0.0632251 0.164857 0.109332 -0.00882576 0.152728 0.0477223 0.136102 0.178923 -0.150211 0.00339103 0.134347 0.0154409 0.117797 -0.106476 0.178104 -0.10786 -0.149857 -0.0999212 -0.0160618 -0.0892467 0.13248 
0.203567 -0.12689 0.118238 0.159153 -0.202986 0.0684309 0.134673 -0.172917 0.120809 0.167519 -0.0488178 -0.090408 -0.0258387 0.19539 0.123709 0.0689101 -0.148391 0.158241 0.076555 0.13025 -0.0341838 0.0105575 -0.17497 -0.0431866 0.0558719 -0.0965246 0.0545865 0.145605 -0.168472 0.0625616 -0.151638 -0.0721842 -0.188741 -0.031045 0.13796 -0.047494 -0.0323095 0.172761 -0.106762 0.104161 0.132661 0.0670834 0.0143316 -0.165636 0.120412 0.0850589 -0.0345523 -0.0327338 -0.0453977 -0.0141968 0.0781726 0.00259067 0.186597 0.0140566 0.140568 -0.0821337 -0.105975 -0.184617 0.0710554 -0.0686831 0.0932633 0.100942 0.19343 0.192632 0.146052 0.0510629 0.0934646 -0.0327249 0.0518557 -0.000143668 0.143898 0.0108556 0.215301 0.146882 0.0656486 0.195066 -0.142457 0.00277682 -0.128772 0.175672 0.00539447 -0.0519131 0.195016 0.102178 -0.0924599 0.0979497 0.110378 -0.0564716 0.0842323 -0.0958648 -0.11954 -0.147511 -0.121315 -0.0741076 -0.118467 -0.0753696 -0.157065 0.0774476 -0.185924 -0.166527 
0.187457 0.0762818 -0.00272141 0.161928 -0.076605 -0.0282713 -0.105806 0.0925673 -0.0174718 -0.0316186 0.104694 -0.128237 0.164297 -0.00411485 -0.194334 -0.129082 0.0730426 0.107414 -0.029395 0.0498939 0.0160725 0.00744275 0.00142474 0.0239846 0.073164 -0.0405215 0.154976 -0.0530706 -0.0929911 -0.198392 0.166753 -0.0253899 0.178271 -0.102031 -0.160444 -0.197019 0.129847 -0.173682 -0.189413 -0.0892162 -0.177525 0.042565 0.148123 0.0688474 -0.0117723 0.122259 0.194869 -0.0953663 0.0242971 0.124899 0.0174571 -0.125707 0.0957492 -0.0204156 0.0838636 0.114153 -0.0989714 -0.0316249 0.00622845 -0.162686 -0.0718391 -0.0412076 -0.196538 -0.19596 0.104965 -0.181468 -0.0417938 0.178273 -0.0697967 -0.00048355 0.101172 -0.0468174 -0.133274 0.109418 0.0641521 0.117442 -0.111325 0.144742 -0.0562639 -0.0499246 0.0813623 0.060776 0.100097 0.183868 -0.19052 -0.047493 -0.118463 -0.178271 0.113883 -0.106748 0.176424 -0.13962 0.0155347 0.103779 -0.180946 0.172173 -0.0567885 0.00384633 -0.121536 -0.154616 
-0.0565723 0.187203 -0.00711859 0.188823 0.0861185 0.0256287 -0.159 -0.154353 0.115062 0.0626019 0.160249 0.19669 -0.112959 -0.0937811 0.18451 -0.164462 0.0381185 0.0426575 -0.18578 -0.0781358 0.175433 -0.105212 -0.0632244 -0.00535859 -0.197432 0.0742187 -0.114724 0.0551104 0.146236 -0.117773 -0.1552 0.0965691 -0.0337372 -0.176145 -0.146522 0.0341735 -0.145698 0.195788 0.0557782 -0.0426312 0.14109 -0.0558856 0.135104 -0.0784301 -0.0815036 0.0115194 0.085568 0.167386 0.0322335 0.105339 0.0733474 0.0669786 -0.106715 -0.0518881 -0.0242802 -0.191636 -0.145564 -0.0523186 0.0723469 -0.0713131 0.13851 -0.0844786 0.186372 -0.0490805 0.0047576 -0.032972 0.0321635 0.119823 -0.117889 -0.0384118 -0.148645 0.0953867 0.189577 0.14143 -0.138775 -0.132599 -0.156662 -0.132144 -0.109849 -0.153182 0.141298 0.126499 -0.0129005 0.0113147 -0.161355 0.06353 0.0478516 -0.136548 -0.0778479 0.106162 -0.0505945 -0.182102 -0.129098 0.144326 -0.109613 0.132798 0.0151305 0.0837682 0.0712036 -0.0385268 
-0.104013 0.101283 -0.168889 -0.198224 -0.0359257 0.130216 -0.00287531 -0.0957328 -0.089391 -0.100279 -0.146406 0.192779 -0.0507115 -0.0768183 -0.0920941 0.125034 0.0105228 -0.150048 0.144286 -0.115311 0.0637784 -0.0184522 0.120905 -0.0452104 0.156551 0.111275 -0.0546914 0.0483567 -0.070912 0.0399767 0.0930137 -0.0673272 0.141777 -0.016079 -0.0630955 0.119584 -0.0998031 -0.0215678 -0.158266 0.110226 -0.199864 0.0105813 -0.0624664 -0.0962566 -0.103566 0.0185024 0.127053 -0.0411039 0.0331879 -0.0960468 0.187544 0.0925438 -0.141793 -0.122562 -0.0537906 -0.0514999 -0.024741 0.147699 0.0820853 0.00528881 0.102687 -0.03173 -0.177314 -0.0330193 -0.045612 -0.198634 0.167811 -0.142232 -0.0924877 0.0162525 -0.0591666 0.0375986 -0.173154 0.0939473 0.0636482 -0.189151 0.0405423 0.197644 -0.0607018 -0.00110169 -0.0367265 0.0664682 0.0983605 0.120099 -0.0992046 -0.144288 0.0732833 0.0956357 -0.157208 -0.187213 0.0991741 -0.1709 -0.161444 0.0319515 0.102548 -0.180632 0.108785 -0.149456 0.126641 -0.184868 
-0.0593281 0.0774079 0.0138515 -0.140033 0.114424 -0.0981378 0.0723191 -0.0716069 -0.158832 0.0979477 -0.0184274 0.0564766 0.143609 0.0339219 -0.169344 -0.170305 0.0701167 0.139485 -0.12179 0.151608 -0.088094 0.105776 -0.166278 -0.034808 0.162244 0.092061 -0.0567773 -0.142935 -0.101035 -0.0364697 0.17986 0.0395444 0.0686598 -0.173351 -0.0554998 -0.0887433 -0.0964392 0.0127155 -0.14835 0.115039 0.202761 -0.0544853 -0.185638 -0.149242 -0.177095 -0.0190715 -0.144344 0.155819 0.162521 -0.0388333 0.199771 0.00424362 -0.019988 -0.0860708 0.0973836 -0.00768351 -0.11897 0.122597 0.164172 -0.153069 -0.0464445 -0.165804 -0.109062 -0.180346 0.0721696 0.10225 0.139729 0.0800083 0.176945 -0.0600607 0.092207 -0.0796911 0.171998 0.158133 0.0513415 0.135617 -0.136479 -0.117083 -0.148789 -0.0987037 -0.188877 0.192173 -0.186829 0.061994 0.0425057 0.196517 0.11422 0.122998 -0.180722 0.055948 0.0502648 0.137677 -0.144515 0.123839 -0.0407111 0.195262 -0.0995401 -0.120257 0.189404 -0.0611634 
-0.18379 -0.130941 0.0268772 -0.0102304 0.00651085 -0.0960324 -0.0185079 -0.00566216 0.15922 0.107281 -0.189147 -0.062321 -0.184893 0.130226 -0.147716 0.0521096 0.108216 -0.0621216 -0.00467128 0.134947 -0.123148 0.118003 0.11814 -0.160089 -0.120416 -0.129621 0.0738146 0.0551398 -0.106734 -0.128558 0.0337251 -0.0114156 -0.105238 -0.122924 -0.00571036 0.145714 -0.0345977 0.130997 -0.0892171 -0.175774 0.0893928 0.0799105 0.0649032 0.0605773 0.066516 0.118735 0.0374092 -0.195585 0.102222 0.179651 0.150065 0.114605 -0.163445 0.0565648 0.00263146 -0.0215616 -0.0850479 0.154373 0.195258 -0.00613495 -0.192298 0.156626 -0.104505 0.156787 -0.155778 -0.117938 0.106523 0.100177 -0.0797926 0.199752 0.0281429 -0.158598 0.0996964 0.18874 -0.0258877 0.104988 0.144543 -0.115595 0.0458371 0.130883 -0.125269 0.100681 0.183074 0.0516841 0.0892593 -0.0679001 0.0650006 0.163699 0.0959554 -0.191455 0.133865 0.176557 -0.13046 0.153708 0.0378561 0.151168 0.0407558 -0.177478 0.153622 0.0237109 
0.011119 0 0 0.00260764 0.0188803 0.00202032 0 0 -0.0311657 0.000242474 0.0189892 0.000255707 -0.0112429 -0.00729638 0.02151 -0.00476423 0 0 0.0129244 0.0379035 -0.00203204 0 0.0160418 -0.017618 0.0665881 0.0429928 -0.0118808 -0.00243952 -0.00106666 0.0344511 -0.00662561 0 -0.00195192 -1.02339e-06 0.0115842 -0.0534699 0 0 0.00970124 0.030328 -0.00886202 -0.0373308 0.0217683 -2.15703e-05 -0.0167788 -0.00214 0 0 0.0319037 -0.00589827 
0.214719 -0.178331 -0.25345 -0.298404 0.258756 -0.140977 -0.252185 -0.0895243 0.0289681 -0.134527 0.204711 0.178261 -0.598814 0.0128371 -0.0599603 -0.17322 -0.270202 0.105183 0.281655 0.322987 -0.199786 0.335101 0.382366 0.270713 0.352037 0.0748481 -0.327348 -0.201083 0.227292 0.205361 0.221671 -0.190572 0.210602 0.137105 -0.326129 -0.116144 -0.0540323 0.189221 0.327558 0.292368 -0.0932088 0.0825192 0.165892 -0.214875 -0.0552105 -0.0719323 0.0516381 -0.26204 -0.066534 0.0276145 
-0.246982 0.266688 0.334328 0.06291 -0.067378 -0.181999 0.184745 0.20538 -0.363146 -0.224494 -0.0062293 -0.239192 0.200808 -0.0916111 -0.126978 -0.337097 -0.0614722 0.086202 0.299271 0.370807 -0.158891 -0.31573 -0.259865 0.0663746 0.195141 -0.191603 -0.030699 -0.121685 -0.173682 0.372959 -0.0227549 0.308721 0.0659649 0.0752046 -0.129094 -0.411855 -0.323782 -0.274869 -0.353117 -0.287506 -0.0779018 -0.238273 0.261429 0.0120084 0.000216854 0.0573879 -0.136653 0.0487727 0.28009 0.255144 
0.0724992 -0.317004 0.17006 -0.0263735 -0.215712 -0.303843 -0.0891264 -0.231138 0.177484 -0.0535578 -0.145531 -0.297768 0.488249 0.112503 -0.377573 0.190316 0.225474 -0.228222 -0.242941 -0.089397 -0.102375 0.135894 0.0772968 0.40807 -0.483229 -0.505142 -0.179301 0.0889173 0.0305749 -0.0959807 0.182809 0.0544237 0.0878686 0.0993648 -0.210085 0.463146 -0.334973 -0.0525121 0.0586597 -0.311231 0.19277 0.34563 -0.00807139 -0.247578 0.234362 -0.102229 -0.140202 0.197197 0.160379 -0.0883561 
0.0115861 0.0931323 -0.104718 
