4
4 50 20 3 
2
0.01
0.294932 -0.162765 0.487828 0.321521 
-0.177949 0.249055 -0.0492905 -0.208794 
-0.331074 -0.224859 -0.188264 -0.236732 
0.0378002 -0.0676627 0.0140527 -0.109081 
-0.31354 -0.16212 0.244317 -0.105775 
-0.184098 -0.172644 -0.238994 -0.178555 
0.252345 0.0712067 0.33713 0.274589 
0.429539 0.389815 -0.338581 -0.216393 
-0.123819 0.272705 -0.00712178 -0.0246302 
0.0545346 -0.274517 -0.0186239 -0.0566162 
-0.211516 -0.271108 0.235847 -0.151838 
-0.161092 -0.27403 -0.332347 -0.0661552 
-0.238067 0.227754 0.286415 0.395655 
-0.314999 0.291164 0.0631084 0.0129246 
0.323718 -0.370311 0.512749 -0.156309 
-0.1679 0.166968 0.428223 -0.0987549 
-0.200543 0.164344 0.242562 0.318027 
-0.105252 0.293812 -0.150427 -0.0701485 
-0.275706 -0.14168 0.23215 -0.271624 
0.294833 0.423176 -0.463274 -0.248337 
-0.0413516 -0.149652 -0.111471 0.271504 
0.126065 -0.333523 0.379266 -0.196595 
0.459511 0.631112 -0.622346 -0.504952 
-0.177146 0.222244 -0.314086 0.296037 
-0.293412 0.0641877 -0.0274016 0.317199 
-0.0524186 -0.147024 -0.13589 -0.255987 
0.252681 -0.337117 0.0731996 -0.049726 
0.324655 -0.239661 -0.102563 0.0707234 
0.099271 -0.124971 0.0957865 0.171318 
-0.247616 0.14626 -0.264797 -0.152622 
-0.127609 -0.0434923 -0.0776536 0.250626 
-0.0207535 -0.23254 0.0334722 -0.243099 
0.440306 0.362268 -0.0508916 -0.289148 
0.105622 -0.272103 0.271244 0.0552638 
-0.188632 0.243938 -0.318873 0.0185952 
-0.107696 -0.271031 0.165419 -0.147853 
0.0249672 -0.3261 0.643685 0.234791 
0.0837511 -0.226443 0.285478 -0.131909 
0.0538798 0.178352 -0.0229417 -0.189948 
-0.118091 0.195122 -0.205542 0.0204812 
0.0143845 -0.279332 0.0155346 0.145352 
0.157221 -0.0347621 -0.000822484 -0.183576 
-0.0284853 -0.105326 -0.17435 0.278785 
0.312958 0.149469 0.106602 -0.110019 
-0.0882744 -0.294428 0.175735 0.0268108 
0.217658 0.165843 -0.104763 -0.173974 
0.359495 0.226136 -0.0961635 -0.0792502 
-0.245813 0.0542129 0.283402 -0.1529 
0.329382 -0.192988 0.296231 0.0254465 
-0.187634 0.212072 -0.225023 0.15952 
-0.0239291 -0.00105904 0 -0.0253151 0 0 0.000373514 0.0499648 -0.00131983 0 0 0 0.000668087 0 -0.00804186 -0.0185503 -0.0423226 0.00346929 0 0.0727563 0 -0.00899501 0.109159 0 0 0 -0.00378745 0.00980552 0.00263303 0 0 0 0.0617808 -0.015765 0 0 -0.0872612 -0.0113058 -0.00828989 0 0 0.0235236 0 0.0424653 0 0.050625 0.0192927 -0.00220241 -0.00432754 0 
0.0547841 -0.171842 -0.0997544 0.18297 0.221971 0.0963454 -0.0256565 0.0034004 0.21858 -0.244076 0.00477752 -0.0376696 -0.162895 0.244027 -0.126327 0.18188 0.16828 0.0522851 0.0986101 -0.17041 -0.176855 0.151378 -0.24677 -0.112989 0.212571 -0.137168 -0.0096969 -0.180015 -0.216083 -0.233136 -0.0379563 -0.0554146 0.173961 -0.156883 -0.089463 0.203801 -0.228298 -0.157468 -0.196695 -0.234063 -0.000451224 0.283379 -0.271735 -0.209672 0.263962 -0.151269 -0.154817 -0.276703 -0.123021 -0.242003 
0.080766 -0.0242161 -0.0580448 0.25989 -0.17283 0.129819 -0.0518291 -0.259245 0.21037 -0.0868758 0.115512 0.149941 0.132412 -0.094375 -0.127542 0.00149288 -0.077063 0.0687383 -0.270653 0.236644 0.196915 -0.0148368 0.178872 0.0693545 -0.128175 -0.0407517 -0.0403325 -0.269399 -0.0441199 0.281547 0.0508865 -0.197392 0.0287392 -0.0761491 0.279307 0.142798 0.217231 0.0357063 -0.287945 -0.247185 -0.212547 0.0148157 0.178995 0.221124 0.286338 -0.180376 -0.0417056 0.0238717 -0.223413 -0.0799141 
0.282113 0.0296668 0.0101472 -0.16192 0.166534 -0.033852 -0.238019 -0.220256 0.026931 -0.272028 -0.0833857 -0.0363133 0.195929 -0.121673 -0.0602506 0.091589 -0.244259 0.190806 0.27893 0.121318 0.0627937 0.0180525 0.0043223 0.246134 -0.173425 -0.00248597 -0.137173 -0.122044 -0.219303 0.0503833 -0.159525 0.162723 -0.183814 0.0795407 -0.0502286 0.23406 -0.0271817 -0.269633 0.0583656 -0.153242 0.251349 0.00818023 0.0485474 0.187364 0.223699 0.0971926 -0.0966733 0.117657 0.156652 0.247406 
0.133102 -0.168828 0.240674 0.099458 0.0465338 0.184992 0.0567543 0.241279 -0.108331 -0.164812 -0.187973 -0.106386 0.0138968 0.228956 -0.304045 -0.0765016 0.148529 0.0958994 0.016323 0.299178 -0.171071 -0.225277 0.328642 0.209612 0.0216146 -0.145886 0.0185269 -0.0205628 0.158413 0.289516 0.0109142 0.0184132 -0.151456 -0.354747 -0.0987614 -0.147563 -0.0128321 -0.236479 -0.0178561 -0.240805 0.130539 0.112568 -0.0762496 -0.113503 0.116622 -0.245391 0.0315555 -0.0385934 0.170443 -0.212865 
0.25755 -0.035367 -0.134505 0.0309539 0.0144767 -0.162006 -0.176962 0.212344 0.111626 -0.190201 0.176669 -0.267317 -0.172925 -0.0703272 -0.0609374 -0.0195111 0.241993 0.122253 0.186992 -0.0171604 -0.0510611 -0.119864 0.20795 0.0189238 -0.29195 0.241292 0.0198721 -0.245257 -0.255051 0.0173158 -0.158176 -0.030481 -0.074972 0.203774 -0.019146 -0.21385 0.253244 0.240855 -0.121044 -0.124646 -0.127416 0.191673 -0.247718 -0.173979 0.116505 -0.118734 -0.228833 -0.142493 -0.131966 -0.187539 
-0.192535 -0.163154 0.075124 -0.0447287 0.202358 0.0273109 0.206754 0.122078 -0.0395673 -0.241962 -0.0366005 -0.0816668 -0.209266 0.0616301 -0.0291621 -0.0555471 0.270712 -0.199222 0.197699 0.0422805 0.163098 0.00257879 0.245091 -0.113496 -0.224411 -0.213265 -0.0928171 0.0150395 -0.232587 -0.0897739 -0.0159485 -0.0409308 -0.250354 -0.0727221 0.0338045 -0.112958 -0.276408 0.162531 0.281666 -0.172688 -0.0252485 0.282255 -0.184646 -0.190711 0.191722 0.0123157 -0.270662 0.19594 -0.153041 -0.164643 
0.00980072 -0.161754 -0.161154 0.0940261 0.271158 0.243289 -0.0646277 0.290918 0.233509 0.0183943 0.248903 0.112754 -0.113196 0.0802774 0.0426964 -0.123974 -0.298917 -0.219566 0.121106 0.31672 -0.0652828 0.155591 0.307014 0.13396 0.0938114 -0.0642787 -0.196651 0.174894 -0.204387 -0.190739 -0.027507 -0.269149 -0.124096 0.146268 -0.23373 -0.0589839 -0.254949 -0.0809893 -0.187584 -0.0781209 -0.173503 0.239185 0.212357 0.158315 -0.29062 0.242347 -0.153316 -0.0607611 -0.17529 0.126504 
-0.153581 0.167358 0.237155 -0.216247 -0.164228 0.0654664 -0.0984401 0.310144 -0.185822 -0.162276 -0.202363 0.256 -0.0232396 0.27804 -0.013659 -0.121217 -0.21661 0.169385 0.287639 0.428159 0.259745 -0.100921 0.595478 0.275277 0.153342 -0.0403173 -0.257716 0.141549 0.0542003 -0.113935 -0.131818 -0.142839 0.395633 -0.140898 -0.199546 0.159858 -0.407878 0.01223 -0.115425 0.0603243 -0.229374 0.0838414 -0.0283586 0.292115 -0.0103077 0.331249 0.134565 0.231331 0.143031 -0.0883994 
-0.13052 -0.108296 -0.0324278 0.245806 0.0316723 -0.0823596 -0.242119 -0.24171 0.112243 -0.0810402 -0.13936 0.289443 0.243072 -0.197661 0.215969 -0.0356665 0.0508423 -0.167786 0.190802 -0.293258 -0.222545 -0.289514 0.0169964 0.0304961 -0.0294805 -0.0571563 0.197904 0.120971 -0.233405 0.16802 -0.2792 0.181957 0.0865642 0.0439409 0.0887492 0.0110622 0.166715 -0.0635702 0.154162 -0.224792 0.077836 -0.0145209 0.00711152 0.193292 0.0190603 0.122144 0.00325222 -0.286561 0.0806664 -0.0241132 
0.0136076 0.0752467 0.144979 -0.0239407 0.122879 0.0237876 0.216036 -0.233068 0.228314 -0.181476 -0.24841 0.155524 0.226146 0.220843 0.00250439 -0.0645641 -0.25615 0.118318 0.257459 -0.227715 -0.0679682 0.104937 0.123465 0.183396 -0.120504 0.111381 0.203365 0.0288489 -0.286022 -0.0308093 -0.147303 -0.183468 0.111853 -0.0478155 0.0663283 -0.172116 -0.288018 0.284463 -0.29637 0.231772 -0.251768 0.205092 0.221912 -0.132651 0.200778 -0.149763 0.232709 0.163496 -0.0329935 -0.135908 
0.0763572 -0.183375 0.0285618 0.0106047 -0.258407 0.156961 0.184988 0.203616 0.279566 0.116079 -0.0773599 -0.0510629 -0.323778 -0.292181 -0.263236 -0.0500838 -0.122211 0.029705 0.0313861 -0.0278291 0.154136 -0.115389 0.507788 -0.0180165 0.214043 0.202885 -0.0906719 -0.0518171 -0.328017 0.136029 0.0373581 0.150936 0.212555 0.161845 0.0116642 0.246822 -0.334965 -0.301991 0.0170305 0.132133 0.23275 0.0655456 -0.150488 0.26121 0.156517 0.294336 0.283317 0.185607 -0.294616 -0.153092 
0.155614 0.119076 -0.122138 0.138051 -0.180261 -0.0449087 -0.247314 -0.0923306 0.249321 0.145433 -0.259549 -0.166865 -0.131038 -0.126576 -0.0614275 -0.0981277 -0.224745 -0.179762 -0.0124896 0.0400577 -0.211325 0.00416507 0.246905 -0.0801045 0.135401 -0.292324 -0.285958 0.150191 0.0164245 0.0531965 -0.191082 0.0264224 -0.284752 0.244566 0.215582 0.148983 -0.0776218 -0.252718 0.260373 -0.00613278 0.212514 0.0937259 -0.149734 -0.024532 -0.029426 -0.0910341 0.12223 0.264989 0.0958379 -0.0303758 
0.173247 -0.0711557 -0.125811 -0.114144 0.235624 -0.00403798 -0.0920947 -0.111566 -0.286363 0.0295765 0.0470614 -0.00866535 0.0973915 -0.0733208 -0.0928578 0.162996 0.0408762 -0.0173234 -0.0964522 0.141643 -0.068676 0.293086 -0.307684 0.128032 0.285677 -0.280544 0.0236271 0.0548373 0.189817 4.84566e-05 -0.187319 -0.241784 -0.344998 0.260922 -0.109338 0.0250368 0.369035 0.22622 0.15311 -0.173002 -0.229939 -0.149516 -0.184175 0.174145 -0.194924 -0.211909 -0.259624 0.23863 -0.0318945 -0.176337 
-0.154866 -0.106627 -0.0316651 -0.0482023 -0.242114 -0.0603533 -0.0387613 0.0597285 0.152917 -0.195303 0.113079 0.00962197 0.278323 0.153039 -0.172887 0.133101 0.011366 0.0561709 -0.0477028 0.0529971 0.281442 0.138555 0.212835 0.185447 0.256297 -0.226681 0.288657 0.277048 -0.111098 0.275034 0.0622496 -0.269508 -0.254781 0.0326782 -0.00641053 0.284684 0.291039 -0.264554 -0.0804912 0.183751 0.0216602 0.138693 0.197775 -0.153476 0.164922 0.180103 0.0318111 0.109724 -0.284787 0.0525373 
-0.265675 0.139618 -0.211569 -0.0559569 -0.229552 0.10351 -0.0861636 -0.229796 -0.0639969 -0.202101 -0.127996 0.159623 0.0940469 0.224919 0.0178592 0.049809 0.0163492 0.199806 -0.0430831 0.16088 0.272176 0.0730708 -0.0276684 -0.0224905 -0.201816 -0.000665947 -0.0418833 0.155596 -0.0180317 -0.0743753 -0.259585 -0.258954 0.111681 0.0968909 -0.097677 0.0749443 -0.253495 0.285866 -0.240348 -0.148312 -0.2435 -0.0703698 -0.145073 0.0741618 0.282297 0.270783 -0.244885 -0.283754 0.198703 -0.0249547 
0.419407 0.00780282 0.122448 -0.0638095 -0.22585 0.145495 0.29584 -0.0538423 0.21751 0.285054 -0.0025399 0.225197 0.176442 -0.203207 0.0649692 0.0118954 0.0916376 0.151212 0.24054 -0.262983 0.0155273 0.116531 -0.527896 0.170734 -0.0221415 -0.169609 -0.254884 0.00338409 -0.0426875 0.0228933 -0.255078 -0.198606 -0.284132 -0.0725317 -0.229344 -0.0792152 0.451408 0.109562 -0.31588 0.257783 0.255931 -0.0353257 -0.0462499 -0.23762 0.253436 -0.203263 0.116245 -0.0695711 0.335936 -0.170577 
0.00640754 -0.188696 0.0674244 -0.100693 0.0278246 -0.277092 0.191753 0.350385 -0.190344 -0.253411 -0.221971 -0.190401 -0.127935 -0.0862592 0.243711 -0.141254 -0.220351 -0.0499574 0.0860524 0.111161 -0.00519611 -0.211071 0.286948 -0.0650424 0.155345 -0.216048 0.139878 -0.247933 0.0302025 0.117091 0.15271 -0.173615 0.262315 -0.0772775 -0.198717 0.0298672 0.198808 0.190066 -0.00833819 0.114907 -0.0581613 0.00337675 0.26015 -0.171544 -0.224956 0.265306 0.0759458 -0.0565296 -0.153603 0.020095 
-0.246577 -0.0429897 0.232673 0.0912973 0.209336 -0.274151 -0.0176855 0.427682 0.173753 0.028912 0.258784 0.211675 0.000252858 -0.0748809 -0.374958 -0.259786 -0.285088 0.154457 0.140947 0.40107 -0.106168 -0.159915 0.126622 0.243366 -0.0157047 0.0967881 -0.216611 0.113285 -0.0230894 0.0282465 -0.0656754 0.0125582 0.156842 -0.135939 -0.0381053 0.101494 -0.136912 0.0275018 0.303123 0.197104 0.230942 -0.0498052 -0.0328605 0.133104 -0.000535483 0.210523 0.218809 0.0600114 -0.0226031 0.262722 
-0.123766 0.221878 -0.00314294 -0.211944 -0.0544377 -0.252295 -0.273299 0.103374 -0.0780027 0.239315 -0.170738 -0.1805 -0.165091 -0.197224 0.17366 0.0418365 -0.163556 0.241164 0.173918 -0.0377118 -0.175674 0.0712443 -0.181842 -0.16605 0.274093 -0.161353 -0.0895833 0.160082 -0.185069 0.160897 -0.025779 0.291854 -0.286281 0.0424715 0.271911 -0.0146817 0.16908 0.0299376 0.025968 0.0943315 0.0306621 0.102145 -0.0711347 -0.118531 -0.257547 0.00502581 -0.286398 -0.248427 0.162552 -0.202522 
0.406652 -0.00397161 0.263513 -0.255575 -0.116463 -0.192073 0.10948 -0.201578 0.0417282 0.0208155 -0.0896538 -0.0419248 0.222026 0.0162365 0.406592 0.240482 -0.223112 0.0307013 0.292453 -0.235733 0.130957 0.144649 -0.288141 -0.10684 0.137606 0.128294 0.285881 0.222344 -0.232079 0.280397 -0.0823323 0.198538 0.00275968 0.112706 -0.286573 -0.249922 0.0921354 0.0542932 -0.06844 0.0990285 -0.0432341 0.135384 -0.256831 0.305926 -0.119522 -0.17396 0.194407 -0.210129 0.319995 -0.278514 
0 -0.00147497 0 0.0400441 -8.83469e-05 0 0.00522974 0.109843 -0.0416883 -0.00909612 0.0270222 -0.00747897 -0.0489939 0 0 -0.0836039 0.0273586 0.0318141 0 0.054629 
0.481244 -0.492714 0.0625231 0.305632 -0.0182832 0.434917 0.407569 0.408365 0.444744 0.43604 0.378473 -0.438596 0.346105 0.256339 0.370596 -0.558787 -0.300212 0.581626 0.0762295 -0.757652 
-0.338181 0.421236 -0.0860153 -0.439486 -0.0912037 -0.330803 -0.431688 0.324901 0.076304 0.359686 -0.150145 0.455216 -0.488539 0.41797 -0.0570488 -0.29581 -0.106489 -0.637604 -0.342311 0.149622 
0.0611192 -0.15813 0.448264 -0.188974 0.192597 -0.46005 0.234617 -0.800512 0.460345 0.420922 -0.578181 0.00201783 0.2142 -0.412285 -0.497629 0.703314 -0.508886 -0.103129 0.0836935 0.0417826 
-0.00641413 0.138721 -0.192262 
