4
11 100 50 1 
2
0.01
0.169744 -0.0210429 0.244616 -0.0138604 0.0748549 -0.181749 0.0856805 -0.0277859 -0.0121579 0.035712 0.0423249 
-0.208843 -0.253885 0.268249 -0.183894 -0.0259555 0.179221 0.0881025 -0.19941 -0.135887 0.122361 0.312138 
0.204925 0.168702 -0.0409143 -0.0794204 -0.149582 0.0314476 0.156504 0.0351871 -0.218698 -0.0522447 -0.255504 
0.167545 0.0482976 0.037397 0.226871 -0.204352 0.138333 0.0108323 0.0214862 0.037642 0.0932333 -0.176309 
0.136175 -0.203485 0.0849955 0.195754 0.252207 0.23206 -0.17617 0.0326159 -0.166318 -0.232046 -0.0263076 
-0.173862 -0.113112 0.251122 0.144614 -0.0757641 0.0306702 0.098999 0.103083 -0.164822 0.117812 0.03625 
-0.0841851 -0.120024 0.151833 -0.034133 -0.136956 0.0325787 0.177204 0.203692 -0.161053 0.13451 0.129263 
-0.0502679 0.00636893 -0.247164 0.110117 -0.0652478 0.0256978 -0.129695 -0.202001 0.0817071 -0.269074 -0.0123322 
0.135547 0.182653 -0.113654 -0.224908 0.0332471 -0.178651 0.122948 0.0090977 -0.0509752 -0.242278 -0.170232 
-0.174139 0.00413896 -0.223121 0.192537 -0.0423967 -0.15347 0.0428641 -0.262448 0.0417418 0.0273326 0.217677 
0.191647 -0.00734139 -0.112313 -0.126318 0.0117687 0.0709349 0.174917 0.218532 -0.166536 -0.0720013 -0.0798191 
-0.0234829 -0.136453 -0.147316 -0.20129 0.0258581 0.092661 0.145527 -0.275184 0.0338577 -0.0946477 0.248772 
0.0924192 -0.0385503 -0.0223795 -0.142669 -0.187897 0.0458205 -0.0242809 -0.0108341 0.0343882 0.00756172 -0.187611 
-0.0815534 -0.225896 -0.111059 -0.182515 -0.0575984 0.216214 0.146466 0.082692 -0.223788 0.242771 -0.0100777 
0.158244 -0.162561 0.0602397 -0.143015 -0.104637 0.0478736 0.0787566 0.146067 -0.137643 -0.260562 -0.189984 
0.126985 -0.0565999 0.117044 0.0414815 0.152243 0.0222436 -0.0170765 -0.141202 -0.0463622 -0.102855 -0.020925 
-0.0496825 -0.226241 -0.0345049 0.07164 -0.0687715 0.0128585 -0.0372884 0.0693647 -0.145535 -0.158127 0.0452636 
-0.00570271 0.170506 -0.0258685 0.0306183 -0.0723958 0.107534 -0.066095 -0.104886 0.0394021 -0.267203 -0.173797 
-0.118415 -0.059987 -0.0798064 -0.0665966 -0.0666211 0.0807377 0.160494 -0.0608209 0.148234 0.167848 0.109136 
-0.0216748 -0.0923793 -0.301071 0.188738 0.226378 -0.0507954 -0.0733612 0.0275079 0.187634 0.163836 0.201962 
-0.15265 0.133808 0.0598939 -0.0470624 -0.0481218 -0.105284 0.228024 0.175538 -0.00987536 0.166993 -0.160679 
0.135496 -0.0834739 -0.217143 -0.00963067 0.187036 -0.0524813 0.0449116 -0.211113 -0.0724935 -0.00643459 0.161246 
0.0280206 -0.0799198 0.0847049 -0.0311464 0.0162773 -0.156768 -0.219945 -0.00636556 0.190469 -0.46248 -0.102708 
-0.095251 -0.158593 0.00489549 0.0770874 0.11488 -0.0909861 -0.190666 -0.128434 -0.0190874 -0.0271918 0.101089 
0.181815 -0.115781 0.066757 -0.198918 -0.150145 0.168877 -0.202188 -0.138526 -0.166661 -0.00325614 0.16805 
-0.0887662 0.20253 -0.0810421 0.206421 0.0751218 -0.0419229 0.219824 -0.206205 0.142445 -0.175024 0.109986 
-0.158049 -0.118072 -0.0710866 0.0720152 -0.18161 0.00599455 0.0113939 -0.110381 -0.102177 0.0837754 0.24771 
-0.0909341 -0.0752947 0.0464154 0.0878696 0.0155637 0.247413 0.178229 -0.230106 -0.177262 -0.0453329 -0.117786 
0.0502517 0.0986684 0.156093 0.202774 0.0561777 -0.0571445 0.106761 0.187736 0.0490087 0.215927 -0.222637 
0.113112 -0.033023 -0.0486071 0.156603 -0.0507648 0.150749 -0.162312 0.185231 0.236127 -0.0988118 -0.0826488 
-0.156251 -0.108223 0.0755332 0.087198 -0.11095 -0.012863 0.0751673 -0.0789397 -0.221985 -0.210706 -0.181687 
0.134969 -0.190755 -0.103517 -0.151089 -0.0586996 -0.0854264 0.214438 -0.188927 0.103945 -0.168977 0.0399365 
0.00198785 0.169433 0.115058 -0.221093 0.0828026 -0.218952 0.115058 0.174202 -0.222454 -0.257612 0.0207099 
-0.241048 -0.0208027 0.156605 -0.203037 0.195922 0.0367966 -0.236713 0.00955559 0.175165 -0.219535 0.121144 
0.193769 -0.204957 0.0483919 -0.0219456 -0.0156489 -0.22083 -0.00161439 0.179207 0.0990083 0.183048 0.105068 
0.0443143 -0.0655626 -0.0252387 -0.162714 0.123488 0.174095 0.0484728 -0.248803 0.151965 -0.0188953 0.148626 
0.245298 -0.184728 -0.0965298 -0.141661 0.0491933 0.196635 0.226278 -0.00068544 -0.0118412 -0.287601 -0.0563807 
6.12661e-05 -0.107787 -0.069334 0.147784 -0.0322963 -0.242498 0.066723 -0.000244451 -0.0550272 0.0578473 -0.105151 
0.0358561 0.129961 -0.0356306 -0.0551819 -0.179911 -0.0495426 -0.124707 -0.0367749 0.0596222 -0.142902 0.233812 
-0.0733059 -0.256713 0.0591951 0.14047 0.157355 -0.126998 0.0301619 -0.103434 0.154122 -0.0588942 0.15709 
0.176873 0.121649 -0.161249 0.0321163 0.0234858 0.0354006 0.178508 -0.13386 -0.0160885 -0.0743634 -0.207407 
-0.197313 -0.155632 0.0768455 0.0573683 0.0625346 0.0594146 0.140452 0.174727 0.0589854 0.118332 -0.156395 
0.168615 -0.183954 -0.00636919 0.219498 0.134965 -0.153356 -0.177901 -0.158917 0.166223 -0.0692772 0.0450584 
-0.0115101 -0.0117633 -0.10006 0.258137 0.128195 -0.101516 0.279305 0.030971 -0.207574 -0.214499 -0.170423 
0.093269 -0.101968 -0.15323 0.227141 -0.0057401 -0.100022 0.125259 -0.0971257 -0.0707854 0.110177 0.0463729 
0.115787 -0.0981637 0.128241 0.169269 -0.0156153 -0.0855895 -0.198271 -0.161737 0.0777945 0.0724653 -0.181404 
0.093832 0.175035 -0.164156 -0.00810002 -0.00228246 0.0359846 -0.136843 -0.105747 0.167248 -0.150757 -0.201531 
0.0416354 0.0665087 -0.0350409 0.128761 -0.0880012 -0.202801 0.101159 0.159681 -0.0487878 0.109248 -0.122649 
-0.183922 -0.195486 0.206367 0.24361 0.133042 -0.224562 -0.101142 -0.0153104 0.00505159 0.14079 -0.0417079 
0.102745 -0.225676 -0.0131789 -0.0401503 -0.00376084 0.161932 0.194266 0.102078 0.018297 0.0141134 0.0130917 
0.137039 -0.253427 -0.186598 0.169925 0.0679905 0.192181 -0.143699 -0.204678 -0.219085 -0.0269087 0.165266 
-0.065874 -0.076673 0.0291561 0.064338 -0.123246 0.100209 0.0262484 -0.103728 0.0229805 0.223122 -0.0507871 
-0.0787974 -0.188501 -0.2701 -0.0118116 -0.130228 -0.0604138 0.167275 0.195316 0.0685984 0.134281 0.0379635 
0.112204 0.152034 0.136446 -0.25246 -0.214013 0.0459493 -0.000546203 -0.0613826 -0.0810331 0.0441479 0.0288681 
-0.221253 -0.0120371 0.0789387 0.00562362 0.190356 0.290115 0.0265156 0.0936353 0.0595999 0.138614 -0.269745 
-0.155994 -0.180261 0.136408 0.140648 -0.228006 -0.160914 -0.161863 -0.0609012 -0.116504 -0.130138 -0.0291627 
-0.0152355 0.0804959 -0.137361 0.151186 0.173083 -0.0771485 -0.107568 0.183193 0.128215 0.205923 0.268993 
0.00653864 -0.111385 -0.10276 -0.13519 0.0235548 0.0510589 -0.240067 -0.0932748 0.0200426 -0.0249341 0.0195447 
-0.0111653 -0.0236228 -0.175103 -0.0227356 0.0440384 0.144587 -0.192143 0.0999081 0.15747 -0.262413 0.184408 
-0.151292 0.204993 0.00200371 -0.102275 -0.165078 -0.174284 -0.193847 -0.111072 -0.0617154 0.0171338 -0.0573433 
-0.136055 0.217742 -0.166907 0.0286533 -0.0759544 -0.0198024 -0.213613 -0.171664 -0.191255 0.178307 0.267861 
-0.232885 -0.132536 0.193903 -0.192365 0.0611685 0.12701 -0.0596069 -0.133485 0.00420278 -0.108207 0.0832734 
0.0779095 0.124685 -0.128712 -0.0199541 -0.0711144 -0.0297175 -0.0541539 0.0721389 0.168644 0.161634 -0.0984408 
0.178961 -0.126488 0.0824613 -0.142956 -0.210103 0.0315176 -0.229672 -0.0597164 -0.0703936 0.0919364 -0.127475 
-0.0825182 -0.159565 -0.114075 -0.202713 -0.287379 0.117656 -0.182997 0.149706 -0.0724275 0.131549 -0.00864592 
-0.148694 -0.165765 0.0119335 0.219806 -0.0660021 0.178185 0.0412361 0.168195 -0.0456989 -0.159034 0.160936 
0.0459139 -0.12819 -0.00352162 0.109533 -0.176305 -0.0131948 0.133876 0.0555466 -0.18333 0.254366 0.0338289 
-0.0991854 -0.210759 -0.144349 -0.0443606 -0.14934 -0.0657183 0.0272582 -0.0717193 -0.222982 0.231111 0.332174 
-0.267665 0.216071 -0.0353565 -0.13014 -0.0916138 -0.19186 -0.0746499 0.0811948 0.234829 -0.242416 -0.140074 
-0.0861796 -0.153903 0.161088 0.0262066 -0.0199821 -0.183236 -0.245715 -0.0279668 0.121569 -0.0381129 0.113851 
0.104875 -0.176039 0.165328 0.177528 -0.125597 0.164547 -0.0842153 -0.0230745 -0.0807423 -0.143881 0.0245683 
-0.0901734 0.189579 0.228795 -0.135263 -0.241287 -0.192647 0.223638 0.207692 0.105746 -0.0362872 0.182183 
0.0718594 -0.19744 0.173406 0.105755 -0.151509 -0.102797 0.115815 -0.0519118 -0.0340103 -0.0526176 -0.230154 
-0.230829 0.0794054 -0.194706 0.0905999 -0.199485 -0.0490576 -0.199336 0.00681821 0.24597 -0.165383 0.03858 
-0.143961 0.0282161 -0.0748702 -0.0278467 -0.0272986 0.144843 0.189642 -0.123788 -0.0520075 0.245189 0.0153481 
0.0568625 0.0652608 -0.0236548 -0.0271364 -0.0706318 -0.0236182 0.214675 0.0160484 -0.119426 -0.0450351 0.00141485 
0.0684059 0.0189209 0.0492118 0.0406815 0.110715 0.0317326 -0.165143 -0.143851 -0.158162 -0.262849 0.0672296 
-0.0717518 0.105566 -0.0790647 -0.101219 -0.120209 -0.137264 -0.0497839 -0.148385 0.0821889 0.0496738 -0.0309622 
0.159962 0.000442037 0.151656 -0.166657 0.130733 -0.160245 0.0614263 0.0519594 -0.132984 -0.179003 -0.171214 
-0.0496946 -0.138953 0.0801853 0.191543 -0.147299 0.162302 0.209754 0.0926855 0.158087 -0.00854111 -0.0509118 
-0.137763 -0.180833 -0.0143578 -0.180089 0.223312 -0.0261364 -0.042445 0.142482 -0.173092 0.0245508 0.0805437 
0.204954 0.0836669 0.161271 0.0917123 0.133626 0.0463771 -0.0360157 0.0209073 0.257823 0.24504 0.0966579 
-0.223924 -0.0970359 -0.0550912 0.164813 0.0709047 0.104871 -0.130459 -0.0401783 -0.113476 -0.0114933 -0.221077 
0.0750232 -0.127812 -0.145236 -0.0110701 -0.264504 0.000604605 -0.127563 0.160969 0.0368869 0.125505 0.141426 
0.186889 0.136828 -0.00736764 -0.226494 0.197809 0.188756 0.103868 0.0710048 0.190275 0.280558 -0.158179 
0.123297 -0.0912776 0.0790072 0.0394466 0.229998 -0.0380213 0.119275 -0.161908 -0.223796 0.0891886 0.197055 
0.104335 0.00486676 0.121501 0.166397 -0.0594536 -0.250562 -0.00606764 -0.0545358 0.337656 -0.349945 -0.095286 
-0.0287679 0.172215 0.00618308 0.0485637 0.16078 0.0100088 -0.16832 0.0208649 -0.0629574 -0.179633 0.069047 
-0.0962145 0.0824209 0.120668 0.0653339 0.242902 -0.217485 0.144842 0.218505 0.199779 -0.18938 -0.206556 
0.0665248 -0.0896115 0.201311 -0.206764 0.11752 -0.036463 0.0861137 0.127113 0.189266 -0.16103 0.184571 
-0.204143 -0.0644677 -0.149976 0.0622906 0.144658 -0.182393 0.208254 0.213225 0.0784724 0.204997 -0.0517269 
-0.098218 -0.174987 0.0856179 -0.195367 -0.0559789 -0.00746024 -0.172281 0.223807 -0.136096 0.0556705 0.206839 
-0.00410752 0.220084 -0.164287 -0.222439 0.217251 0.0589162 -0.0102028 0.203923 0.219816 -0.213185 0.1568 
0.0795483 0.0632793 -0.111018 -0.130197 0.0347363 -0.0288614 0.109541 0.121371 -0.0986229 -0.0872218 0.15499 
-0.15314 -0.113573 -0.115479 0.0694335 0.168049 0.0714893 -0.227618 -0.242516 -0.021248 -0.0798179 0.233988 
-0.136621 0.0269273 -0.166608 0.0477002 -0.19783 -0.16235 0.00610951 -0.122467 -0.163012 0.147312 -0.0878083 
0.193162 0.117506 -0.228093 0.175809 0.0569226 0.0447586 -0.105643 0.0515138 0.0611404 -0.200412 0.201135 
0.0627007 0.194709 0.221472 0.107865 0.13435 -0.0435901 0.127138 0.00274179 0.06078 -0.078657 0.141228 
-0.16732 0.175431 0.0763723 0.019672 -0.0461971 -0.0524066 0.0831377 0.0908545 -0.00535252 0.132539 -0.155836 
0.0046355 -0.0891543 -0.214009 0.0616765 -0.165723 -0.0656406 -0.0854379 -0.0408681 0.132472 0.0995 -0.0374658 
0.0106556 0.0014882 0.0352926 -0.00781413 0.0123112 0.00918152 0.00832464 -0.0636516 0.0345388 0.0505489 -0.00344005 0.0436454 -0.0267416 0.0211434 0.0230865 0.0253236 0.0180336 -0.00953079 0.00503281 0.105202 0.0233521 0.0532149 0.0172793 -0.023078 -0.00850072 -0.0210163 0.0391152 0.0134696 -0.0197121 0.0329665 -0.00445895 -0.0031772 0.0218229 0.00941041 0.0365659 0.0328418 0.0056809 -0.0315188 0.0245968 0.0418031 -0.0374475 -0.000442636 -0.0824549 0.0429973 -0.0122168 0.00548912 -0.027198 -0.0126006 0.0228604 0.0431486 0.0675721 0.00977516 0.0900168 0.0030575 -0.0166898 0.0375781 0.0794484 0.0320985 -0.0677108 -0.0110121 0.0772818 0.00888914 -0.047727 -0.00770663 0.0460332 -0.0219834 -0.00849353 0.0464139 -0.033087 0.0304913 -0.0296699 -0.00342179 -0.00232774 -0.0846142 -0.0307676 0.0320298 0.0178747 0.0106992 -0.0158196 0.00830021 -0.026606 0.0303342 0.01053 0.0692233 -0.0285221 -0.0221366 0.0117992 -0.00710124 -0.00368763 0.0131952 -0.0226684 -0.0156334 0.0232449 0.0662263 0.0219263 0.0179878 -0.00390846 0.0143932 -0.0316871 -0.0303873 
0.131065 0.0172722 -0.0778853 0.085689 -0.0808144 -0.107373 -0.0723088 0.178349 -0.129133 -0.155968 0.0547196 0.131901 -0.18767 -0.101429 -0.05195 -0.165182 0.181758 -0.0901191 -0.195606 -0.00868316 0.056891 -0.124091 0.137561 0.0881482 0.0575313 0.0511118 -0.100922 0.0305247 -0.0377535 0.0273834 -0.136672 0.140739 0.0309576 0.0295562 -0.109974 -0.15214 -0.0214392 -0.0182215 0.148847 0.0448843 -0.0342722 -0.112393 0.0815612 -0.147503 0.0857178 0.0275772 -0.0781864 -0.112395 0.0358678 -0.19259 0.0799517 -0.0433289 -0.0540228 0.0749371 0.080654 -0.108985 -0.0617974 0.0633235 -0.185593 0.0940375 -0.0783129 0.0148265 -0.0201528 -0.0299062 0.0589399 0.148648 -0.0213224 -0.0950052 0.0806075 0.0351183 0.096537 -0.0650136 -0.022064 0.157926 0.168187 -0.152434 -0.172842 0.092192 0.0853103 -0.0635009 -0.0574453 0.0426794 0.0818853 -0.164247 -0.148377 -0.104344 -0.084585 0.0910453 0.102736 -0.0252794 -0.177987 0.110904 0.12531 0.0203576 -0.0360809 0.182016 0.0262736 -0.0543683 -0.120638 0.174417 
-0.104849 -0.161174 0.0105364 -0.136344 -0.0853906 -0.0502077 0.0437866 -0.137356 -0.0189915 0.0848987 -0.13985 -0.104622 -0.0919683 0.0961234 -0.0208642 0.141017 0.144677 -0.137037 -0.125275 0.0475929 -0.17566 -0.0131694 -0.0391848 -0.152215 0.0444378 -0.136808 0.00350253 -0.09612 -0.154069 -0.0700297 0.19333 0.0963983 -0.107414 -0.122438 0.166374 0.0290523 -0.151756 -0.166332 -0.0597284 0.158049 -0.0844891 -0.177718 0.0202539 0.200508 0.194335 0.0486293 0.118177 -0.00435744 -0.100649 -0.0487979 -0.102954 0.0266369 0.16493 0.00423518 0.0292457 0.193822 -0.181175 0.0707104 -0.153489 -0.117018 0.135088 -0.0743252 0.145106 -0.119714 0.00568713 0.192789 0.15366 -0.0912533 -0.153476 -0.176399 -0.109594 0.155839 0.011101 -0.156119 -0.174454 0.036614 -0.16914 0.197177 -0.18901 -0.0804629 0.171137 -0.0774533 0.174254 0.171714 -0.0948601 -0.109459 0.167532 0.13593 0.111282 -0.015161 -0.0950134 -0.00796232 -0.0923952 0.181303 -0.0779124 0.0316795 -0.0997948 0.138743 -0.0667907 0.149546 
0.00270467 0.175783 -0.0752732 -0.0117213 -0.192209 0.10359 0.183446 -0.155869 0.0788619 -0.151287 0.140344 0.085838 0.0380781 0.0285156 0.128539 -0.036705 0.181913 -0.0369747 0.0791081 0.141688 -0.0129764 -0.114916 -0.196803 -0.180718 0.21622 -0.128533 -0.0341136 0.141181 -0.0186247 -0.0557219 -0.0443274 -0.140664 -0.179224 0.212417 -0.0862 0.00557175 0.0103278 -0.131636 -0.114495 0.166849 -0.00731192 -0.011994 0.012942 -0.188878 -0.0956234 -0.011726 0.0339087 0.134985 0.121584 -0.0858565 -0.0738941 0.118589 -0.0322998 -0.111995 -0.185632 -0.0111438 -0.0754565 -0.0704404 -0.151957 -0.0371056 -0.127022 -0.0577466 -0.0089757 0.0510091 0.207269 -0.189525 -0.1852 0.0271448 -0.155224 0.198339 0.00550968 0.114995 -0.129956 0.0183288 0.031663 -0.102241 -0.12941 0.200396 -0.0433345 0.131035 0.0224614 0.175455 -0.0750238 0.15199 0.0407537 -0.0765883 -0.0573049 0.0392287 -0.0479236 0.164817 0.0345101 -0.162704 0.114804 0.0851777 0.202811 -0.0313623 0.0545021 0.139728 -0.179515 -0.0704031 
-0.152582 -0.0249053 0.0557257 0.0315334 -0.198099 0.041639 -0.0147145 0.13979 -0.0456251 -0.135037 0.109098 -0.224805 0.0749128 0.114496 0.0344943 -0.0454968 -0.182602 -0.171966 0.18225 0.104648 0.00575771 0.112795 -0.152775 0.151913 0.0523518 0.0117681 -0.0761641 0.165272 0.0497212 -0.144453 -0.140346 0.111449 -0.0894394 -0.144929 0.136958 -0.182317 -0.183738 0.162972 -0.135601 -0.109666 -0.16401 0.204282 0.0755315 -0.169865 0.0331845 -0.0589818 0.066492 0.0253329 -0.0725144 -0.0666025 -0.00907624 0.0161819 0.12017 0.0809613 0.128713 -0.16885 -0.168717 0.148712 0.144903 -0.0971294 0.120106 0.151485 -0.1488 -0.182098 -0.152835 0.161108 -0.0947253 0.062505 -0.012329 -0.160413 0.182566 0.180417 0.0854127 0.118289 -0.0036083 0.0255734 -0.0553953 -0.0899693 -0.105257 0.139123 0.138733 -0.0800634 -0.0647153 0.124246 -0.123173 0.0118699 -0.0709368 0.135888 -0.135998 -0.0212731 0.0258315 0.107316 0.164073 0.127433 0.0839285 -0.0777175 -0.117516 0.0178849 0.127974 -0.0566374 
-0.170485 0.0354456 -0.0615178 -0.151345 -0.161795 -0.105727 -0.0468975 0.0903298 0.0247606 0.026261 -0.0229672 -0.0195547 0.129885 -0.031446 0.167767 -0.135875 -0.120136 -0.0544882 -0.0272371 -0.23494 0.0592856 0.158611 0.101341 -0.171739 -0.103356 0.0980769 -0.126529 -0.163935 0.0144192 -0.183318 -0.0945223 0.0390712 -0.176707 0.0570594 0.00340062 -0.176102 0.139152 -0.0349021 0.0694947 0.114872 -0.085685 0.060605 0.180017 0.182173 0.167207 0.078716 0.195728 0.140496 -0.0653217 -0.0431325 0.0965133 -0.134568 -0.0140846 0.0252156 0.22274 -0.147863 -0.121594 -0.0289437 -0.141874 0.0245403 0.127964 -0.083891 0.0892396 -0.204837 0.139994 0.0122261 0.180088 0.141948 0.11124 0.12656 -0.153176 0.0131821 0.0428607 0.0640431 -0.000885392 -0.00951501 -0.0865141 0.174372 -0.109196 0.0395673 -0.174558 0.188533 0.130907 0.128623 0.211343 0.117969 0.21498 -0.131871 0.0202059 0.0713629 0.0787305 0.027538 -0.0808005 0.0833782 0.112452 -0.140399 0.127977 0.199309 0.0347888 -0.0369881 
-0.0874538 0.00496279 0.148373 -0.166488 -0.0200855 0.0314441 -0.165301 0.063241 0.0213308 -0.101039 0.0900764 -0.00811022 -0.0399399 -0.0877746 0.0848198 0.0794341 -0.00926072 0.190875 -0.170889 -0.150167 0.00253072 0.105767 -0.0427675 -0.172788 0.13357 -0.191343 0.0277093 -0.0369587 0.159893 -0.093832 0.0563263 -0.0317679 0.101933 -0.192994 -0.122405 0.127535 0.0448416 -0.0508102 -0.0599639 -0.14584 0.129398 -0.101554 0.172447 0.0992759 0.14668 0.165772 -0.0939947 -0.0607468 -0.0385281 -0.185707 0.0824159 0.165003 -0.118966 -0.148288 -0.0346649 -0.110708 -0.00116961 -0.0132653 0.0509348 0.0943566 0.103486 -0.0688622 0.0825768 -0.0601971 0.174446 0.126946 0.174355 0.166675 -0.166554 -0.108104 -0.0967731 0.136128 0.0710951 0.0621841 0.0828509 0.121009 -0.0146982 -0.116196 0.0422677 -0.126521 0.150395 -0.00954146 0.0288173 0.111681 -0.134042 0.16232 0.0760194 -0.115987 -0.050606 -0.110735 0.0586863 -0.139879 -0.100566 -0.0830041 0.040529 -0.186918 0.145053 -0.0858424 0.183908 0.173095 
0.128309 -0.0121541 0.138453 -0.105964 -0.038377 0.153886 -0.191046 0.0590706 -0.15858 -0.0841747 0.190279 -0.172577 -0.184277 -0.0292869 0.153986 0.0498871 -0.0793484 0.0956418 -0.154854 -0.0986354 0.135544 -0.00596356 -0.0077628 0.0858144 0.0655835 -0.167896 -0.0252671 -0.157797 -0.0866531 0.0464476 0.0307135 0.112092 0.114765 -0.163605 -0.0796786 -0.166466 0.104683 -0.0655185 -0.0671286 -0.120632 -0.0444825 -0.123263 -0.0824171 0.16229 -0.0784234 0.0509342 0.043031 -0.0808254 0.109187 -0.0886972 0.0158412 -0.125445 -0.00724925 -0.162767 -0.0274126 -0.138375 -0.0319461 -0.0422268 -0.134895 -0.147383 -0.181837 0.108623 0.0831821 0.0457152 -0.00696073 0.190923 -0.151785 -0.0827993 -0.100845 0.177178 -0.0171513 0.116293 0.171469 -0.0396227 0.0746587 0.0887083 -0.0794652 0.0905684 0.205522 0.00190016 0.0449976 0.0156192 0.150714 -0.110855 0.177794 0.131958 0.00671131 -0.0925281 0.0902564 0.131101 0.038563 -0.133335 -0.123814 -0.0282499 -0.0725189 0.087384 0.0111219 0.0363944 -0.0739548 -0.16652 
0.0609742 -0.00340983 0.0149212 -0.101466 -0.167016 0.0123651 0.148215 -0.00383575 -0.0243785 -0.111937 -0.0961269 0.104523 -0.150643 0.0188426 -0.00313356 -0.107231 0.107198 0.0884745 -0.103287 0.13677 0.166081 0.00546674 -0.175461 -0.102085 -0.0836939 0.168977 0.14343 0.0371286 -0.068775 -0.13827 -0.189873 0.157641 -0.136091 -0.190093 -0.0198976 -0.0220108 0.124356 0.0285635 0.0228578 -0.00120843 -0.18271 -0.143247 -0.0352552 -0.12506 0.121558 -0.123018 -0.171902 0.00797163 -0.0941617 0.0511215 0.167035 -0.0376414 -0.19698 -0.115146 0.0109681 0.0127144 0.0636004 -0.119802 0.086487 0.0779816 0.0723685 -0.0168599 -0.0362887 0.00272548 0.0152629 -0.034012 -0.195113 0.180976 -0.0512504 -0.069727 0.0574113 -0.043853 -0.0321974 -0.0153099 0.14322 -0.176576 -0.0974641 -0.153131 0.0381388 -0.0709444 0.146371 0.136377 0.110631 -0.138382 0.141599 0.133116 -0.140818 0.0739912 -0.0218985 -0.194029 -0.0824333 -0.0117051 0.10452 0.169269 0.0743509 0.172472 -0.0243086 0.0814262 -0.012808 -0.111302 
0.00591852 -0.169176 0.159297 0.025451 -0.204093 0.166252 0.147329 -0.0529284 0.130252 -0.0490079 -0.0319389 0.112975 0.0935557 0.164295 -0.139879 -0.178055 0.102498 0.125361 -0.0832905 0.168343 0.0577571 -0.200698 0.0853823 0.0199972 0.161738 0.0739765 -0.121868 -0.133812 -0.0815529 -0.0766974 0.0558575 0.0052393 0.0379525 -0.134049 0.0905293 -0.0464757 0.129108 0.0913294 0.169456 -0.109083 -0.142413 -0.21949 0.168034 -0.18207 0.139357 0.108148 -0.121833 -0.128195 -0.1668 0.0742351 -0.163907 0.0589528 0.055594 -0.0100764 -0.211539 -0.0792036 0.034076 0.0798231 -0.173695 -0.0714792 -0.1475 0.162459 -0.120914 -0.0504148 -0.128248 0.145219 0.0035979 0.148435 0.0916308 -0.0841037 -0.103625 -0.00929164 0.151732 -0.054915 -0.0106572 -0.0247373 0.0102396 0.124654 0.0785774 -0.0942148 -0.0664722 -0.056906 -0.162622 0.198845 0.0789877 0.154957 0.0556395 -0.148416 -0.0101361 -0.107254 0.187612 0.173723 -0.18828 0.107627 -0.111952 0.0785305 0.0908922 0.185793 -0.0182656 -0.00741229 
-0.120609 0.00657978 -0.00323563 -0.147756 -0.139491 0.181363 0.166609 0.163452 -0.111484 -0.14296 -0.061679 0.175625 -0.0649909 0.18587 0.061974 -0.160154 -0.102846 -0.094362 -0.167575 -0.0061416 0.175972 -0.194502 -0.167059 0.155286 0.126028 -0.0770392 0.134115 0.000935203 0.190643 0.0727632 0.00916915 -0.105063 -0.0215402 -0.104548 -0.181827 -0.0439079 0.166424 -0.00824917 0.012503 -0.134356 -0.152214 -0.1089 -0.114443 0.131016 -0.102063 -0.162423 0.0302664 -0.132789 0.111037 0.176138 -0.160808 -0.0839244 -0.120801 0.190711 0.229071 -0.131319 -0.16561 -0.0945182 0.0424371 0.0293417 -0.136444 0.00928445 0.0197719 -0.105023 -0.0245962 -0.16313 -0.161255 0.0128071 0.163425 -0.0838618 -0.176388 0.133581 0.155287 0.0764524 0.0534346 -0.0540181 0.101723 -0.188405 -0.178634 0.146155 0.0237789 -0.0992395 -0.0610822 -0.1294 0.219922 0.0175554 -0.0738416 0.187905 0.0856216 0.0885653 0.0869882 -0.14086 0.136657 -0.173185 -0.041548 -0.0745977 0.0532919 -0.134897 0.000303543 0.135054 
0.0740562 -0.191084 0.14504 -0.173521 -0.0343714 -0.0490255 -0.107514 -0.0344212 0.208672 -0.165991 0.217859 0.00779191 0.0182286 -0.0467272 -0.00592533 0.127704 0.0834542 0.179389 -0.0662762 -0.00308589 -0.130797 -0.07701 -0.133832 0.0439082 0.0452281 -0.0817292 0.0647584 0.0255285 0.0767916 0.0354131 0.127623 -0.108776 0.169735 -0.145173 -0.098311 0.111331 0.18763 -0.16342 -0.0445192 -0.110669 -0.0840434 0.191678 -0.14385 0.0905505 0.0605884 0.162873 -0.0716476 -0.108226 0.133933 0.211299 0.0775041 0.010825 0.0032057 0.0283215 -0.0245359 -0.0827263 -0.174649 0.175514 0.0436087 0.0231342 -0.0868274 -0.19294 0.0293957 -0.121022 -0.185463 0.124615 -0.202185 -0.086593 0.0325894 0.116094 -0.138959 -0.0913297 -0.0617233 -0.0612414 0.0919696 0.162448 0.151111 -0.113723 0.00930608 -0.122822 -0.0599947 -0.169784 0.106585 0.0501783 -0.142397 0.082997 0.184935 0.120528 0.107597 -0.0555735 -0.171143 0.131546 -0.020764 -0.177526 0.0406992 -0.0524033 -0.000313899 0.0959339 -0.116836 -0.0339171 
-0.186794 -0.170187 -0.173718 -0.0759397 -0.124434 -0.149809 -8.19207e-05 0.200377 0.0800589 0.105252 0.102911 0.0363701 0.147294 -0.03287 -0.185523 0.0265083 0.120369 0.14946 0.0535655 -0.0725434 0.0533061 -0.0926491 0.228816 -0.0208657 0.165729 0.202765 0.00455093 0.117829 0.0116663 0.17745 -0.0807888 -0.0211417 -0.192345 -0.145429 0.00771808 -0.112572 -0.183073 -0.170317 -0.139363 -0.0692801 0.185821 -0.0418106 -0.0281393 -0.0428352 -0.173649 0.147185 0.0133573 -0.0269618 0.0411353 -0.177523 -0.170897 0.204172 0.145416 0.100004 0.206637 -0.0363339 -0.234525 -0.157106 0.101137 0.198656 0.144896 0.186057 0.0865513 -0.0925615 0.149433 0.0389652 0.170595 0.0892279 0.199871 -0.0316073 0.185689 0.152282 0.0759004 0.196145 -0.0207916 -0.198675 0.0973383 -0.0229577 -0.0423915 0.108198 0.166826 0.06253 0.00413547 -0.11269 0.125506 0.065897 0.139483 -0.066097 0.0884015 0.198175 0.119675 -0.186567 0.0526744 0.149286 -0.071298 0.184937 -0.193219 0.18777 0.0917067 0.154023 
0.163124 0.0329556 -0.121647 -0.0675437 -0.165457 0.194448 0.132619 0.0890859 0.0113749 0.0577035 0.100376 0.256313 -0.137085 -0.154422 -0.0582394 0.0251015 0.0570119 0.0863423 0.13515 0.217246 -0.183062 0.179778 -0.227302 -0.0641293 0.0989926 0.10015 0.229317 0.139857 -0.06024 0.205379 0.0467879 0.16162 -0.0904246 -0.176973 0.225675 0.0771386 -0.0802725 0.108659 -0.0817441 -0.139968 -0.140392 0.00583623 -0.00243639 0.102728 -0.147261 0.00514806 -0.185579 0.0562797 0.17905 0.0778667 0.19455 0.0411223 0.113672 0.0911355 0.10852 0.138129 0.189254 0.142702 0.05699 -0.0547237 0.230094 0.0571211 -0.149234 -0.00143129 0.113479 0.00351997 -0.117334 0.220298 -0.150275 0.0454868 -0.167829 0.0351587 -0.189829 0.156462 -0.0392197 -0.168976 0.117638 0.137848 -0.0912637 0.0809587 -0.158576 0.184981 0.0737761 0.112568 -0.0520741 -0.0518931 -0.160274 0.0721208 -0.0398864 0.141369 -0.0664585 0.216175 0.0658869 0.0148241 -0.110151 0.10451 -0.189624 -0.0350396 0.10647 -0.148229 
-0.159422 0.163966 0.146189 0.0558105 0.135492 -0.198417 -0.0949599 -0.178713 0.0453248 0.167218 0.021943 0.0723669 0.0969054 0.0332237 0.0744898 -0.105841 -0.105829 -0.184555 0.00389034 -0.128437 -0.0212067 0.160261 -0.0843075 0.151056 -0.0792285 0.0801427 0.0353708 -0.154187 0.158588 -0.172563 0.095099 -0.184133 -0.0918902 -0.0592238 -0.0586901 0.125351 0.112007 -0.0409494 -0.0580454 -0.132667 -0.174504 -0.198233 -0.017231 -0.184228 -0.121048 -0.185473 -0.146625 0.185064 0.0532138 -0.0348571 0.0788282 -0.125493 0.161984 0.149123 -0.0388768 0.158294 -0.195749 -0.00294652 0.182928 0.149604 0.0300584 -0.0924072 -0.197644 0.188183 0.0269636 -0.0928516 0.176263 0.0205537 0.190348 -0.0418302 -0.0986865 0.0642415 -0.189201 -0.131457 0.102845 0.00138008 -0.10207 0.14725 0.0407144 -0.179816 0.0213783 0.105307 0.201162 -0.0450651 -0.103176 -0.159406 -0.134586 0.0571541 -0.166578 0.183916 0.154463 -0.173086 -0.054887 0.150106 -0.195023 -0.185679 0.193309 -0.190811 0.0715743 -0.0373435 
0.135833 -0.216526 0.0915427 0.131892 0.0530073 0.210716 0.164557 -0.0240996 0.147132 0.0825156 -0.0262224 -0.0953345 0.00330523 -0.0718593 -0.115754 0.166582 -0.0778394 -0.0127203 0.0207856 -0.148175 0.0723769 0.162628 0.234957 -0.0459432 0.0390157 -0.0847188 -0.138395 0.163365 -0.140148 0.160541 0.11633 0.15127 0.142334 0.147164 -0.012477 -0.112164 0.157619 -0.074983 -0.108037 0.206659 -0.142264 0.0108938 -0.0376267 0.0992924 0.145116 -0.182956 0.171175 0.092384 0.148695 -0.00378252 -0.0362387 -0.14551 -0.139035 0.171307 0.209587 0.130987 -0.00396806 -0.0684919 -0.155327 0.18668 0.0827612 0.134498 -0.077759 0.0321329 0.0722619 -0.14677 -0.0374632 -0.147387 0.162329 0.192132 -0.135732 -0.0716708 -0.0223527 -0.0411999 0.209055 0.109647 -0.0692348 0.0471169 -0.0865711 0.178866 -0.126186 0.165423 -0.0515498 0.00363545 0.149986 -0.112466 0.255443 0.122995 -0.0250797 -0.183748 -0.151805 -0.177364 0.120144 -0.0785181 0.0453825 -0.0996856 0.0631921 0.149384 0.0347922 -0.0303017 
0.184982 0.0886843 -0.0862384 0.0178191 -0.069637 -0.0096041 0.0896521 -0.0935198 0.169461 0.0436836 0.0407165 -0.117749 -0.0421141 0.192521 0.00374999 -0.0612966 0.158998 0.185871 -0.112898 0.170649 0.105391 -0.172911 0.0227133 0.0205448 0.171474 0.104753 0.0473433 0.080984 -0.172915 -0.188573 -0.0285986 -0.0960834 -0.0821394 -0.0240983 -0.0939625 -0.0011612 0.11706 -0.113175 0.123702 -0.0100645 -0.0882036 -0.0873561 0.07666 0.0715807 -0.173499 -0.0763453 0.0274834 -0.0783226 0.140403 -0.0982918 -0.0655826 0.182456 -0.0831672 0.00266042 -0.139069 -0.000713742 -0.122414 0.0510813 0.102705 -0.171603 -0.105684 -0.0836077 -0.136169 0.110082 -0.151789 0.00203475 -0.0189775 -0.068113 -0.147876 0.0303182 0.0182604 -0.141846 -0.120899 0.139495 -0.0838371 0.0179188 0.0741501 0.0687522 -0.193981 0.0497122 -0.0629192 0.0467155 0.0208065 0.0408916 0.149449 0.12672 0.102548 0.082428 -0.0566049 -0.0213921 0.0134298 0.0768226 0.186855 -0.169649 -0.189733 -0.169513 0.101551 -0.00421829 0.0154524 -0.10062 
-0.110857 0.087324 -0.127888 0.0525702 0.193212 0.204419 0.165938 -0.145905 0.195551 -0.0501878 0.204416 0.103775 0.0516889 0.234503 -0.14546 0.0286183 -0.128173 0.216623 -0.12311 0.0330428 0.110064 -0.113802 -0.114075 0.151031 0.0216024 -0.121039 -0.0634417 0.162159 -0.067716 -0.110758 0.048069 0.128088 0.0462789 0.0678202 -0.0764214 0.0332053 0.0961199 -0.00624222 -0.186996 -0.0470676 0.0316184 0.238598 -0.187549 0.00089454 -0.0762447 0.132234 0.117083 -0.0652322 -0.106237 -0.116647 -0.00929042 0.0513368 0.0102443 -0.109138 -0.00442628 -0.0399825 0.00443583 -0.166328 0.181475 -0.137684 -0.011693 0.112886 -0.121777 0.0752446 -0.0473261 -0.141796 0.125605 -0.151991 0.188544 -0.0748088 0.148568 -0.092209 -0.162303 -0.0421549 0.182063 0.14251 -0.0196489 0.191154 -0.147477 -0.0399487 -0.0860415 0.14422 0.112797 -0.150027 0.182456 0.11589 -0.0960092 0.188214 -0.0662269 0.0166779 0.121409 -0.0428865 0.100949 -0.110177 -0.21094 -0.034872 0.129136 -0.172643 -0.0684455 -0.170757 
0.173228 -0.173212 0.150495 -0.162781 0.0209805 0.167974 0.0270363 0.041471 -0.176721 -0.0999993 -0.145827 -0.125457 -0.055976 -0.130419 -0.0914508 0.0656603 0.190741 0.00351464 -0.0266364 0.161714 -0.122239 0.0916978 -0.169772 0.0349416 -0.173637 -0.0540581 -0.0511051 0.119578 -0.029556 -0.164838 0.0549903 -0.117222 -0.043536 0.0875707 -0.0947822 -0.147886 -0.19355 0.0865976 -0.197015 -0.035542 0.144192 0.114835 0.187462 -0.141696 0.122692 -0.170723 -0.113419 -0.123307 -0.152636 -0.0961275 0.0539457 -0.0710993 0.134561 -0.0530591 -0.16178 -0.165468 -0.0112903 -0.162264 -0.100199 0.0738837 -0.185548 -0.10077 -0.0537687 -0.131295 0.164125 -0.131175 -0.0379639 -0.144592 -0.182217 0.17801 -0.0136723 -0.0322611 0.133423 0.0637475 0.15685 -0.164264 0.0790272 0.104087 0.153372 0.161546 0.0992968 0.0640088 -0.153943 -0.155216 0.0401936 0.0105859 0.184934 -0.0411204 -0.0930045 -0.151331 0.020601 0.147254 0.0276995 0.0733388 0.0167389 -0.0420383 -0.127341 -0.175618 -0.0953997 -0.124122 
-0.103342 -0.0514211 0.17458 -0.0603102 -0.220375 0.200979 0.10935 0.152156 -0.0167085 0.0444389 0.113744 -0.122508 -0.184881 -0.0292066 -0.196613 -0.0640758 -0.156463 -0.128927 0.0185537 -0.112498 -0.108094 -0.0675668 0.066176 0.141447 -0.173844 0.201822 -0.106111 0.0965411 0.00303732 -0.0778202 -0.0873313 0.141107 0.188009 -0.0733725 0.15548 -0.0487648 -0.0140894 0.140836 -0.105557 -0.0113322 0.0384054 0.19037 0.0357732 -0.0874598 -0.00420664 -0.181984 0.0151886 0.00715452 -0.000869155 0.172364 -0.037013 0.119149 -0.155722 -0.0917391 0.132803 0.0525388 0.103212 -0.0152429 0.20741 0.104913 0.0279485 0.0776558 -0.147352 0.123148 0.076224 0.0146118 -0.10996 0.0813722 0.126685 -0.000959257 0.109004 0.114569 -0.138668 -0.14769 0.149763 0.0397718 0.120331 -0.160083 -0.0499654 0.0367143 0.177377 -0.061411 0.018966 -0.196404 0.20688 -0.120855 -0.0647992 -0.12759 0.081597 -0.120159 0.170665 0.149461 -0.0343037 -0.153181 0.133097 0.103101 -0.0878521 0.0394969 -0.138666 -0.0624995 
-0.192196 0.0167427 0.149673 -0.0416792 0.0556636 0.115601 -0.138548 0.105185 0.200852 -0.159501 0.0979776 0.117696 0.00211636 0.176008 0.197885 -0.148669 0.0924982 0.117159 0.0824997 -0.149168 0.150386 -0.0639834 0.199327 0.0797799 -0.114316 -0.116685 0.033157 0.116293 -0.0958072 0.0189288 -0.133853 -0.0702354 0.11169 -0.178792 0.116444 -0.0516038 -0.164732 -0.0246833 -0.0918561 0.0278631 -0.176013 -0.101191 0.106713 -0.135332 0.149609 -0.110805 0.174499 -0.134498 -0.131528 0.214107 0.00158417 -0.0720837 0.118742 -0.0246034 0.0146393 0.186634 0.00493534 -0.0482292 0.191039 0.189531 0.143738 -0.116772 -0.0470339 -0.138462 -0.177591 -0.151902 0.107134 -0.0863984 -0.00803301 -0.0659962 -0.0452852 0.121221 -0.0575612 0.0425724 0.0593208 -0.0135912 0.20583 0.129799 -0.143508 0.188885 0.181731 -0.0479672 -0.111819 0.174812 0.0490896 -0.0716984 -0.0928192 0.128593 0.137931 0.136314 -0.160622 -0.113122 0.0861634 -0.19193 -0.195919 0.0360009 -0.097236 0.129584 0.0568513 -0.080965 
-0.021076 0.0699562 -0.159332 0.116779 -0.0026199 0.0164508 -0.163353 -0.170615 0.175945 -0.0534202 0.0968879 0.067704 -0.0870583 -0.0953585 -0.138035 -0.176688 0.119232 0.0736687 0.0814886 -0.0122887 -0.0904109 -0.00378205 0.108743 0.18008 0.201447 -0.0955049 -0.0633426 -0.115534 0.0856064 -0.0119642 0.0985827 0.0358548 -0.175666 0.0134299 0.0619381 -0.0960328 -0.080772 -0.0762654 0.0399277 -0.102705 -0.0490557 0.154732 -0.112561 0.07356 -0.030048 -0.050222 -0.101273 0.133726 0.0541939 0.0767501 0.143591 -0.087181 -0.136757 0.0558601 0.0106969 0.125786 -0.176007 0.104866 0.0919458 0.107822 -0.0609301 -0.0100289 0.112047 0.1134 0.0803617 -0.17622 0.0555814 -0.0163368 0.0408324 -0.172759 -0.060713 -0.0190779 0.0156637 0.0371524 -0.0552182 -0.0549666 -0.141123 0.0737803 -0.0812784 -0.167951 -0.0828375 0.013811 0.0456003 -0.15801 -0.196012 0.178806 0.147743 -0.0398353 -0.134457 -0.142384 -0.15848 0.0399153 -0.154516 0.0649844 0.18769 0.0687714 0.0195002 0.197014 0.149834 -0.0856832 
0.118619 0.0757537 0.1134 0.0848715 -0.180301 -0.042066 -0.158927 -0.188448 -0.0193354 -0.12444 0.0304342 -0.0317997 0.143895 0.0267063 -0.129702 -0.0728207 0.109111 0.173605 -0.188057 0.0748557 -0.0302363 0.0879428 0.106706 -0.0585059 -0.11083 -0.0200317 0.134796 0.1019 -0.119562 -0.101227 -0.165044 0.130093 0.116942 0.0581113 0.190669 -0.125096 0.00822186 -0.197466 0.0822145 0.127807 -0.0128242 -0.130671 0.197956 -0.13636 -0.169262 -0.0537815 0.0291158 0.124653 0.100498 -0.0229166 -0.106145 0.139466 -0.0900912 0.147462 0.131873 0.121828 0.153699 -0.00787368 0.00208086 0.0883272 -0.0681894 0.131962 -0.146298 0.191421 0.119984 -0.0388387 0.186955 0.159576 0.077445 0.151 -0.045712 0.172528 0.112104 -0.0622829 0.126955 -0.0338383 -0.122739 -0.0873805 -0.13006 -0.18119 -0.159989 0.17842 0.064203 -0.0399982 0.0858761 0.00501333 0.179706 -0.128401 0.0219972 0.181354 0.109144 -0.0444256 0.0673771 -0.180122 -0.170378 0.0426771 0.0953053 -0.157015 0.0385064 -0.113543 
-0.0353174 0.199209 0.141765 0.154821 0.151084 0.141831 0.0212486 0.0429666 -0.113259 -0.0966758 0.0570958 -0.179871 0.181725 -0.189669 -0.1014 -0.18992 0.170483 -0.197812 0.14318 -0.197229 -0.0534013 0.00737574 0.162446 0.181062 0.098349 -0.04796 -0.0837459 0.0459798 0.0454911 -0.196717 -0.18965 0.197517 0.151386 -0.0678453 -0.0655968 -0.0651434 -0.119607 -0.140657 -0.0778593 0.0312024 -0.0985658 -0.043332 0.0488638 0.141858 0.0676253 0.007224 -0.095273 0.190402 -0.140782 -0.163912 -0.0457874 0.102041 0.146017 0.0530236 -0.0844062 -0.185229 0.0797124 -0.153731 0.114645 -0.130605 -0.181092 -0.128479 0.00194673 -0.00607156 -0.00587656 0.11131 -0.15822 0.111427 -0.146835 -0.0963687 -0.0558059 -0.181328 -0.19925 0.0416854 -0.0228546 -0.00664894 0.145872 0.173385 -0.16079 0.000519209 -0.0483296 0.117513 -0.174447 0.0582573 0.1443 -0.0834551 -0.167397 0.0421991 -0.0680053 -0.0265126 -0.192451 0.0320079 -0.129284 0.0885305 0.176408 0.0883558 0.0816002 -0.140995 -0.0601123 -0.0455373 
-0.111973 -0.0511047 -0.0925344 0.178167 0.0743063 0.097459 -0.0555949 -0.179585 0.0644852 0.127867 -0.0257221 0.0782799 -0.140035 0.145104 -0.0387142 -0.177218 -0.131616 -0.183393 0.141844 0.190835 -0.158598 -0.0254587 -0.136017 -0.179293 0.197 -0.0421812 -0.0158037 0.0138961 -0.149362 0.164478 0.180172 -0.167383 0.00373943 -0.0331181 -0.174646 0.156512 0.0358636 0.193421 -0.0108868 0.191289 -0.140799 0.000883578 0.12078 -0.193245 0.0176208 0.0962306 0.0494393 0.15707 -0.0920931 -0.0582115 -0.160824 0.0265358 -0.0511386 0.033426 -0.181937 -0.0804323 -0.0813754 -0.0945401 -0.160028 -0.0108448 0.0391786 -0.12624 0.00988073 -0.135904 -0.147667 0.0487503 -0.195631 -0.0571513 0.109553 -0.09079 -0.139463 0.149848 -0.081129 -0.0318491 0.0930027 0.00296732 -0.12563 0.154925 0.0790669 0.0403076 -0.151223 0.195647 -0.17681 0.205687 0.0931446 0.132211 0.163249 0.0759986 -0.125697 0.124149 -0.137108 -0.0905792 -0.0520888 0.0495784 -0.0449757 0.00884736 0.0720912 -0.109945 0.131353 -0.175751 
0.0982924 -0.0442523 -0.0230717 0.00642048 0.0866646 -0.020263 0.153294 0.1295 0.0320278 0.0390282 0.175211 -0.134374 -0.0296023 0.146282 0.0838996 -0.022761 -0.1879 -0.0748582 0.0738148 -0.108341 -0.183324 -0.0630987 0.204488 -0.0108675 -0.164168 0.153976 -0.141261 0.0787263 -0.161769 -0.129294 0.127436 0.123333 0.0763372 0.176724 0.155718 -0.187984 -0.129535 -0.024926 0.116676 0.145678 0.0435386 0.0873483 -0.134 -0.119221 -0.175133 0.170147 0.0550873 0.132662 -0.0145046 0.0122907 0.00546707 0.0830847 -0.035331 -0.136682 0.104888 0.0225986 0.0124671 0.171672 -0.131321 0.101899 0.177483 0.156346 -0.0748759 0.158641 -0.0599525 0.152406 0.0927761 -0.124978 0.0568613 0.099883 -0.0797581 -0.176816 -0.0657664 0.0601359 -0.0666052 0.00993439 0.116358 -0.126025 0.130805 0.036207 0.041746 0.0210565 -0.109007 -0.132834 0.00158094 0.123666 -0.00748749 -0.00630335 -0.159381 -0.172428 0.135862 0.0170695 0.0592432 0.0218944 -0.19091 -0.169005 0.137847 -0.00387348 0.0728383 0.15248 
0.0748826 0.0932941 0.0864481 0.048028 0.155607 -0.148205 0.0759408 -0.13506 0.119499 0.0760119 -0.157391 0.149155 -0.184494 -0.073689 0.0315181 0.100346 -0.12252 0.177938 -0.122095 0.158732 -0.0325079 -0.184873 -0.0761183 0.133464 0.089803 0.0270695 -0.0899663 -0.0925759 -0.0169749 0.135793 -0.155142 -0.129239 0.144299 0.0822665 -0.171063 -0.0747764 0.0264884 0.164843 0.123164 -0.0994432 0.19065 -0.0515577 -0.105559 -0.141768 0.0302649 0.19106 0.13813 0.167515 0.0253959 0.162347 0.116953 -0.143558 0.0374379 0.0505046 0.0400868 -0.0899809 -0.193889 0.0112851 -0.125494 0.164332 -0.141288 0.00080337 -0.0442505 0.15725 -0.177861 -0.17289 -0.15735 -0.145341 0.192103 0.0169466 0.182443 -0.111766 -0.140129 -0.0522625 0.0828128 -0.0271938 -0.0755188 0.156561 -0.0892077 0.036271 -0.189327 0.0882353 -0.169212 -0.026184 -0.18983 -0.160043 0.107616 0.145333 -0.0741849 -0.196837 -0.196135 -0.0484479 -0.188747 0.17317 0.159354 -0.0981985 0.11102 -0.123388 -0.107668 0.191548 
0.0765547 -0.0916719 0.0788496 0.0107814 -0.041128 0.0505442 0.00732083 -0.0480246 -0.183614 0.168196 0.0999831 -0.0873378 0.0184382 -0.102397 0.0443557 0.183648 0.0868605 -0.0993441 -0.170336 -0.00657439 -0.149822 -0.1463 0.162285 -0.0978855 -0.134481 -0.0072855 0.0419545 0.121611 0.103993 -0.179809 0.190184 -0.144483 0.140203 -0.0956845 -0.077884 -0.126107 0.0309438 0.193825 -0.113295 -0.143417 0.0651885 0.187135 0.104155 0.120197 -0.0429885 -0.00736123 0.00823858 -0.158498 -0.126054 -0.0819398 -0.0470312 -0.174225 -0.172207 0.168483 0.0380807 0.0300326 -0.0513045 -0.189226 -0.0885639 -0.0985004 -0.0180443 -0.0619138 -0.0296874 0.0581984 -0.0991138 0.0586066 0.0931241 0.0936452 0.0160188 0.16228 0.147813 -0.0886014 -0.147564 -0.036935 -0.0372024 -0.195118 0.0442473 0.127603 -0.150197 -0.10688 -0.192395 0.118228 -0.0665488 0.138753 -0.1075 -0.143463 0.0321897 -0.164441 -0.187394 0.00846778 -0.148112 0.0943834 -0.0327353 0.125521 -0.0301644 0.0366786 -0.0901806 0.0564614 -0.0132501 -0.0444539 
0.0280921 -0.0662031 -0.0173582 0.175135 -0.100763 0.128274 -0.114046 -0.0613235 0.019361 -0.0201229 -0.194567 -0.203275 0.0509269 0.151424 0.0781336 0.0891789 -0.100887 0.14033 -0.0417724 0.110738 0.0702957 -0.148643 0.0943638 0.146474 0.0749278 -0.00523279 0.155859 0.19998 0.139443 -0.115167 -0.0595889 0.0381224 0.0355631 0.0313966 -0.188836 -0.187177 0.19762 0.11621 -0.105279 -0.125972 -0.16665 0.104293 0.150027 0.0123578 0.0657245 0.123481 0.00421272 0.142602 0.0770539 -0.155139 -0.0298329 0.112323 0.097227 0.0295893 0.157587 0.0735293 -0.0235384 0.153505 0.0620839 0.117517 0.145347 0.186094 0.00773214 0.0841816 -0.162664 0.122892 0.017889 -0.083015 -0.14614 0.146391 0.103806 0.0392684 0.12945 -0.118814 -0.0872011 0.0938988 -0.0081326 0.139722 0.0619174 0.187219 -0.0870084 -0.170596 -0.00243747 0.138439 0.0477869 0.0471287 0.0496096 -0.0761929 0.0489747 0.0647586 0.0977551 0.132609 0.0674217 0.0847471 -0.159988 0.0518387 0.118491 -0.00791985 -0.146391 0.0969219 
0.119297 0.136332 0.0726363 0.0371733 0.11839 -0.15538 0.109476 -0.21298 0.0793589 0.14817 0.103314 0.106793 -0.0492016 -0.136164 0.0504633 -0.017674 -0.10617 -0.0660338 0.0180626 0.0842819 -0.13808 -0.0307958 0.0289453 0.0440678 0.182985 0.173391 -0.0693573 0.188398 -0.190613 -0.185418 -0.0588443 -0.120812 -0.130667 0.15366 0.154675 -0.0782266 0.00859396 -0.10872 -0.0313789 -0.0321464 0.123334 0.183139 -0.110192 -0.133008 0.125052 0.190991 0.162539 -0.084818 0.114318 0.185384 0.170083 -0.139149 0.0655677 0.135008 -0.124716 -0.0896669 -0.0396588 -0.0170644 -0.00084403 0.160862 0.189127 0.00960848 0.0285424 -0.159535 0.171389 -0.174586 0.21455 0.168034 -0.0504799 0.111166 -0.0444453 0.131701 -0.1063 -0.209549 0.0963068 0.17139 0.0416052 0.0157093 -0.153891 -0.164244 -0.143357 -0.129586 0.0646972 0.0995075 0.137203 0.184779 -0.233258 0.139056 0.0716087 0.0112312 -0.0716776 -0.0909945 0.191519 -0.152703 0.0500607 -0.181928 -0.0128643 0.0483564 -0.113751 -0.18697 
-0.0232663 -0.0906496 0.175415 0.138397 -0.150398 -0.151523 -0.0108619 0.166497 -0.0179247 -0.0986565 -0.0598618 0.158827 -0.147981 -0.077007 0.168365 -0.127213 0.17277 -0.0997847 -0.0507098 0.0347687 0.208403 -0.108375 0.268592 0.0545563 -0.178178 -0.0933342 -0.0678605 0.148685 0.129359 0.0576653 0.0484209 -0.0854271 0.00201802 0.0798101 -0.0307952 0.154414 -0.122235 0.0335298 0.115275 -0.0502856 -0.0147 0.0127745 0.174677 0.157429 -0.161226 -0.101197 0.161194 0.150093 -0.141463 -0.00883179 -0.184452 -0.0430967 0.156017 0.135069 0.20884 0.079901 -0.0496457 0.13088 0.106143 -0.0414191 -0.151053 0.154171 -0.0677188 -0.152218 -0.10574 0.033892 0.0454394 -0.124995 0.0558588 -0.0360237 0.148167 0.0166923 0.0882185 0.211399 0.0950034 0.0871361 0.188753 0.041039 -0.0342959 0.049883 -0.0860034 -0.0268176 0.01794 -0.109191 0.216914 -0.0595716 0.140108 0.134608 -0.146909 0.125575 0.0208019 -0.0425016 -0.197506 -0.12021 0.0554475 0.000646335 -0.168563 0.0936839 0.065191 -0.0533296 
-0.133692 -0.0544446 -0.107908 -0.00702545 -0.0971772 -0.0612649 -0.168871 -0.121999 0.050188 0.114558 -0.112218 0.108702 -0.0476609 -0.139779 0.00285435 -0.0484559 -0.0381959 -0.0392703 -0.13771 0.0216027 -0.18218 0.0651486 -0.0980371 -0.162149 0.146457 0.121417 -0.0190493 -0.173663 0.117215 0.121363 0.0525251 -0.168978 -0.00211011 -0.169761 0.17341 -0.126474 0.110866 0.150327 -0.105995 0.0803453 0.0232585 0.110894 0.188822 0.0801521 -0.0911363 -0.19883 0.163527 -0.0311273 -0.15609 -0.0974455 0.136212 0.083626 0.0559799 -0.077597 -0.0420588 0.0497367 -0.183344 -0.179958 0.0887745 -0.0801929 0.0759451 0.170364 0.163607 -0.137904 -0.0851612 0.079353 -0.0661778 -0.0703253 0.0792257 0.112614 -0.0374786 0.0413368 -0.000981764 0.205977 0.173345 -0.137747 -0.186623 -0.0415589 -0.0666102 -0.0363513 -0.0397187 0.0894991 0.199989 0.0025871 0.0212529 -0.166497 -0.0564219 -0.134945 0.0205294 -0.00488607 -0.0652887 -0.115072 0.061111 -0.0490771 0.0593662 0.0890211 -0.169316 -0.0367859 -0.104991 -0.0749331 
0.121167 0.0779846 0.0976308 -0.098554 0.140997 0.0400756 -0.0824752 0.184925 -0.153456 0.115752 -0.145727 0.0647692 0.123296 -0.0515361 -0.0789275 -0.0152413 -0.0299987 0.146331 0.12766 0.122025 -0.11017 0.00901613 -0.1942 -0.0708177 -0.111784 0.148502 -0.175866 0.121697 0.00514244 -0.0122961 -0.191505 -0.136103 -0.118931 -0.0934264 -0.0951452 0.0335823 0.173155 -0.0981319 -0.181061 -0.172556 0.0912279 0.179644 -0.186503 0.0408818 -0.0131289 -0.116232 -0.0214794 0.16866 -0.169653 -0.196335 0.0174253 0.0786324 -0.152232 -0.189144 0.17316 -0.0408245 -0.171745 -0.10462 -0.00360119 -0.169901 0.113037 0.0494635 0.133438 0.126764 -0.00810685 -0.0491714 -0.0183072 0.147441 -0.061102 0.148712 -0.0583451 0.1754 -0.167824 -0.16995 -0.0349677 -0.00212142 -0.160442 0.0333207 -0.025543 0.0151676 -0.0714287 -0.158489 0.165276 0.106803 0.162741 0.0557839 0.052805 -0.0599102 -0.153556 -0.0566789 -0.144999 -0.148123 0.0129193 -0.00390692 -0.0762804 0.121659 0.0301112 -0.0268083 0.143346 0.190357 
0.00942484 0.0477805 -0.133181 0.0817 -0.0397741 0.161417 0.123728 0.213955 -0.207632 0.138663 -0.00963403 0.00705108 -0.158137 0.207678 0.0474985 -0.0652683 0.175794 -0.158985 0.0506004 -0.120009 -0.00293783 0.00529413 0.218991 0.166318 -0.11486 0.111542 0.0221506 0.0447729 0.0187403 -0.109811 0.0825378 0.0155157 -0.00793354 -0.127854 -0.0741719 0.125425 0.0334773 -0.168357 0.160952 -0.104029 0.156939 -0.014384 0.176498 -0.0777846 0.157675 -0.00862258 0.141648 -0.0131923 0.156216 0.127679 -0.106557 0.143766 0.0125479 0.108591 0.176797 0.0988815 -0.0677316 -0.0848767 0.0975286 -0.046476 0.168963 0.0103166 -0.0319374 -0.097251 0.00189446 0.0400878 0.0378745 -0.130843 0.115492 -0.115963 -0.0256879 0.0517204 0.174505 0.0430026 0.177046 0.175972 -0.0943953 0.128146 0.00882763 0.145673 0.074208 -0.0774856 0.0329219 -0.185449 0.192898 -0.18986 0.165767 0.160672 0.0353377 0.140163 -0.000872637 0.0846373 -0.0958736 -0.175895 -0.159306 0.0610814 -0.169715 -0.0835145 0.162789 0.00247272 
-0.171766 -0.115379 -0.107373 -0.194487 0.0262501 -0.103374 0.126178 -0.00498034 0.00498518 0.174163 -0.0713091 -0.130652 -0.106488 0.0958757 0.000996162 0.111988 0.15319 0.147762 0.0447484 0.0514903 0.154993 -0.167438 -0.149776 -0.000858556 0.12825 -0.0521493 0.017615 0.149372 -0.0098634 -0.0111499 -0.114942 0.0822007 -0.101705 0.0939324 0.108506 0.167119 0.195174 0.191364 -0.0174745 0.0591697 0.0167486 -0.00784865 -0.0745205 0.0437817 0.093912 0.0106808 0.0246376 -0.00589751 0.09466 0.0376244 0.0750541 -0.201089 -0.163213 -0.165883 -0.144486 0.156083 0.100606 -0.00845956 -0.0402245 -0.0167581 -0.160153 0.103132 -0.173237 0.0149835 0.106113 0.128408 0.0567707 -0.112389 0.0664409 -0.00750272 0.135897 0.0988421 0.122657 -0.099828 -0.105315 -0.16843 -0.178875 0.184179 -0.175563 -0.0886193 0.00216314 -0.0346609 -0.125646 -0.202865 -0.117849 0.0133157 -0.0751569 0.0360387 -0.167416 0.112705 -0.0869279 0.022908 0.182119 0.0466732 -0.113196 0.0371552 0.0595345 0.16471 0.128755 0.137558 
-0.0511496 0.00837922 0.175698 -0.103603 -0.184572 -0.0933732 -0.135176 -0.102547 0.143465 0.195401 -0.170101 0.148055 0.00687547 -0.187949 0.174972 0.162371 0.178388 0.212218 0.182189 0.155607 0.0881223 -0.129408 0.126747 0.129564 -0.053014 0.11396 -0.192609 0.0548709 0.167063 -0.179086 0.173472 -0.105949 -0.00825497 -0.0136507 -0.0753581 -0.0468587 -0.0250895 0.0148497 0.148289 -0.00716225 -0.0324038 0.109816 0.0776573 -0.149409 0.170285 -0.121882 -0.0755127 -0.0526497 -0.186324 -0.10605 0.103574 -0.126426 -0.202143 0.13203 0.0674717 0.0316337 0.105728 0.0746162 -0.0749913 -0.096979 -0.0722105 0.0635795 0.190632 -0.182398 0.0893848 -0.192634 -0.118132 0.0427541 -0.073254 0.0924306 0.163333 -0.185073 -0.165175 0.151964 -0.168582 0.053922 0.00790495 -0.0837584 -0.0989437 -0.112142 -0.10537 -0.193588 -0.0883628 -0.119554 -0.0140743 0.00284806 0.143566 0.0310647 -0.062807 0.0212602 -0.0902174 -0.160928 0.119718 -0.0915818 -0.0859348 0.0259235 0.191902 0.0764803 0.151367 -0.176044 
-0.170502 -0.0142435 -0.0585528 0.135966 -0.0073045 0.00490825 0.140512 -0.0399679 -0.0806049 0.205769 0.0377003 0.180225 0.185797 0.15044 0.0840392 0.10564 -0.0235998 -0.0958458 -0.129002 0.00869166 0.0189363 0.133369 -0.0648256 -0.069443 0.113569 0.0942319 -0.075608 0.000273732 0.180376 0.051878 -0.0671397 0.0178134 -0.163377 -0.0819562 0.0960502 0.0170855 -0.155235 -0.0487724 0.112286 0.175233 -0.0736066 0.14081 -0.120438 -0.11051 -0.0316584 0.150761 0.174574 0.156318 0.109267 0.0712894 0.225875 0.0310692 0.151561 0.104837 -0.122371 -0.013244 0.237903 0.0230992 0.0114073 0.0294306 0.173687 0.066161 -0.15577 -0.0837641 0.156774 -0.0158603 0.0746462 0.0106944 0.0416274 0.15711 -0.0808841 0.161639 -0.149066 -0.0718161 -0.03463 -0.0764187 -0.159233 -0.0383272 0.0330465 -0.154396 0.138314 0.0920089 -0.0729209 0.158381 -0.0151207 -0.0389201 0.0686935 -0.0281749 -0.00252558 -0.138466 -0.0800722 -0.107245 -0.0967514 0.15149 0.0689942 -0.161465 0.0721905 0.172143 -0.182824 -0.0748281 
-0.183338 -0.0721376 -0.046545 -0.0793524 0.152511 0.0456239 0.0775728 -0.115834 0.194521 0.0614265 0.0593883 0.0403488 0.120559 0.174589 0.14263 0.0109454 -0.128472 -0.126381 0.169607 0.0837919 0.132037 -0.0403497 -0.184383 0.0634225 -0.00188324 -0.0611003 0.113108 0.029006 0.104698 0.116828 -0.197469 0.140842 0.198598 0.043235 -0.095697 0.0937145 -0.126457 -0.0846501 -0.15093 0.138775 0.0138103 0.0723612 0.13281 -0.076612 0.161428 -0.119999 -0.019555 0.190974 -0.105004 0.0266051 -0.110518 0.170442 -0.0609102 -0.00555986 -0.0917012 0.0424267 0.158953 0.0107029 -0.146834 -0.115252 -0.0449636 0.105307 0.0104401 -0.00386328 0.0592098 0.205065 -0.0684085 -0.0602079 0.135885 -0.137281 0.0267077 0.156772 -0.024233 0.138212 -0.155935 0.0882905 0.147023 -0.181279 -0.144141 -0.010618 0.0265658 0.179496 -0.127159 -0.000898301 -0.14303 0.0869945 -0.213186 0.0906071 0.174858 0.105687 0.110506 -0.176398 -0.152442 0.146916 0.0496079 -0.0434748 -0.0279094 0.0428742 0.0328894 -0.0715924 
-0.105137 0.168187 -0.15847 0.0617296 -0.140734 0.113073 0.015181 0.0622483 0.0448308 0.00254331 0.0857258 0.161499 0.0513179 -0.103148 -0.172904 -0.0650278 0.154914 -0.10421 0.0697426 -0.0284241 0.0213952 0.0139223 0.177157 -0.0563176 -0.0540983 0.000449375 0.038999 0.0188407 0.059802 0.102648 0.0068026 0.190735 -0.121325 0.143074 0.149954 -0.0928608 -0.205265 0.12602 -0.0821883 -0.0670029 0.107054 0.133536 0.0113557 0.184494 0.128735 0.0208401 0.0171065 -0.0385869 0.0134966 -0.0522243 0.122998 -0.176642 -0.0531597 0.20003 0.12523 -0.121442 0.00607217 -0.174873 -0.0613 0.0564242 0.118128 -0.0111348 0.0458772 0.164042 -0.023531 0.0135951 -0.0404817 -0.151152 0.027392 0.0180886 0.108405 0.149768 -0.0879861 -0.120614 -0.090817 0.171046 0.024847 -0.0409323 0.16572 0.0311731 0.187966 0.0464215 0.138483 0.087332 0.0866457 -0.121188 -0.00565486 -0.0336096 -0.118466 -0.14457 -0.150748 0.20011 -0.0313621 -0.0510612 0.114708 0.131362 -0.0330615 0.00800218 -0.159297 -0.0846587 
0.144434 0.129045 -0.00400705 -0.138335 0.0941557 0.0813372 -0.0393063 0.123333 0.106591 -0.125291 0.0712642 0.0761173 0.145902 0.155004 0.121399 0.0270713 -0.0900597 0.13876 0.0188689 -0.190686 -0.0167385 -0.055424 -0.159893 0.0146319 -0.206477 -0.178414 0.0529381 0.152717 -0.16984 -0.170322 -0.00303062 0.0232626 -0.0143642 -0.0814503 0.0971491 0.0155726 0.199625 -0.0315669 -0.160339 -0.200199 -0.101071 0.149266 -0.0558414 0.0333825 -0.202798 0.0256512 -0.00529828 0.153783 -0.0802677 -0.118169 -0.125352 0.0412703 0.110193 0.115422 -0.153576 -0.0514561 -0.195132 -0.105928 -0.106125 -0.136713 -0.0833022 -0.0698957 -0.128741 0.0963932 -0.200945 0.0553813 0.0440528 0.039322 -0.136872 0.121919 -0.0892865 0.067647 -0.14258 -0.147104 -0.0192221 0.172106 -0.164534 -0.0572764 0.111551 -0.0804841 -0.168164 0.0521425 0.121268 -0.16111 -0.154257 0.115001 -0.0764127 -0.118044 0.179571 -0.124502 0.114061 0.0824927 -0.00603827 0.110328 -0.110383 -0.0914806 0.154567 -0.0809042 -0.19163 -0.0321118 
0.143452 0.277609 -0.0765583 0.180953 0.147946 0.00288483 -0.0714134 -0.045992 0.0240732 -0.0158621 0.114513 0.0702606 -0.0374945 0.0411225 -0.165534 0.189916 0.0176645 -0.203451 -0.0216387 0.190991 0.0245 0.182343 -0.249253 -0.178701 0.182003 -0.134055 -0.0122733 0.0586065 -0.118025 0.134729 0.16698 0.158659 -0.0243539 -0.160225 0.0826074 0.14059 -0.0845892 -0.0665491 0.0600441 0.0992539 -0.172621 -0.119955 -0.208496 -0.163418 0.180868 0.0670439 0.0958282 0.194175 -0.0852878 -0.00663191 -0.0266166 0.158797 0.190741 0.168661 -0.0777373 0.140953 -0.0813068 0.173581 -0.113616 0.0831662 0.226456 0.0919385 -0.0613675 0.0217163 0.0567798 0.0040942 0.204086 0.10326 0.120443 0.187686 0.175889 0.0929885 -0.144295 -0.148659 -0.165547 -0.0981785 -0.223774 0.0135991 -0.135496 0.0796811 -0.159458 0.201405 -0.184247 -0.127298 -0.0755129 0.0420698 -0.212407 0.0711171 -0.0966751 0.174402 -0.174271 -0.0577049 0.138867 0.0967744 0.171912 -0.0261868 0.0191216 -0.0517299 0.0542301 0.103247 
0.00572903 0.05237 0.156432 0.0850781 0.119947 -0.0663534 0.138882 0.143299 0.139643 -0.149401 0.110561 0.164681 -0.170935 0.167789 0.0582989 0.107997 -0.0208712 -0.06781 -0.0353963 -0.050352 -0.1652 -0.140746 0.171196 0.104305 0.0243904 0.153251 -0.165624 0.00103825 -0.0236266 -0.155306 0.127137 -0.0621356 0.095832 -0.0748531 0.0480011 -0.181904 0.142404 -0.150804 -0.174028 -0.0265428 0.217991 -0.155736 -0.0961832 0.0332296 0.192949 -0.0605419 0.205055 -0.150661 -0.100236 0.199445 0.0945259 -0.157715 0.103907 -0.0619388 0.0697152 0.134051 0.0741456 -0.123908 -0.182768 -0.0882461 -0.0865817 0.0587998 0.130488 -0.0691622 -0.0452538 -0.0883544 -0.14387 0.072243 -0.167501 -0.00522362 -0.143698 0.0934575 -0.00492326 -0.011991 0.0427963 0.129737 0.160749 -0.176533 -0.106275 0.20329 -0.17822 0.148976 -0.152845 -0.173567 0.164639 -0.111751 0.135191 -0.144305 -0.112094 -0.0483125 -0.136403 -0.0309375 -0.149351 0.0762927 -0.10965 -0.169907 -0.0642849 0.16632 -0.15644 -0.160965 
0.00763423 0.155762 -0.129354 -0.0553867 0.166224 -0.0998158 0.0949562 0.0353005 0.0160683 -0.0701807 -0.17203 0.0792392 -0.139366 0.0716323 -0.00122862 -0.0637493 -0.154664 0.139148 -0.0108581 -0.137177 -0.174002 -0.095226 0.153508 0.0292909 0.0187424 0.0179002 -0.160104 0.19876 -0.0731483 0.0576201 -0.0131545 -0.159105 0.105638 0.122105 -0.0443645 -0.00592128 -0.161709 -0.0365589 0.0561312 0.0144709 0.0917588 0.0119917 -0.201459 0.176072 -0.0499335 0.177272 -0.139267 -0.11262 -0.173205 0.0809478 0.133319 0.00778702 -0.0858976 -0.0188017 0.141585 -0.166067 0.0916149 0.154476 0.00584682 0.0541159 0.0658552 0.10825 -0.0834526 0.0177204 0.0321744 -0.0965424 0.141793 -0.0886131 0.0722114 0.173588 0.189133 -0.111206 0.0240615 -0.0709384 -0.0101823 0.00909013 0.169208 -0.0550878 -0.0544705 0.117784 0.0457115 0.0916292 -0.128526 -0.104073 0.0447808 0.186915 -0.176992 0.0192848 0.0239959 0.0841034 0.0763979 -0.066651 0.0675433 0.120292 0.00013576 -0.0351213 -0.102533 0.142544 0.123702 0.053745 
-0.127056 0.186214 0.10913 0.033068 0.199239 0.141886 -0.0435419 0.158692 0.128636 -0.124826 -0.102722 -0.187378 0.184578 0.15223 0.0461126 -0.16276 -0.14354 -0.135788 0.194393 0.0749435 0.0781316 0.158526 -0.19838 0.00617838 0.105288 -0.10307 -0.145774 -0.177309 -0.146763 -0.0142282 -0.0635776 0.0884089 -0.192465 -0.0148514 -0.190683 0.189645 -0.178658 -0.0806702 -0.185732 0.179928 0.126127 0.0446678 0.0109606 -0.0325373 -0.0596513 0.124079 -0.163525 -0.106233 -0.0665314 0.18739 0.164464 0.111264 -0.151574 0.0560705 -0.125064 -0.116594 -0.148687 0.064297 -0.0123932 -0.000654904 0.194874 -0.158031 0.042728 -0.0953887 -0.0467189 0.114918 -0.0266214 -0.203204 -0.0428908 -0.073229 -0.0217842 0.00315499 0.0837049 -0.16169 0.0241629 0.0573167 -0.13896 0.169997 0.148725 -0.179307 -0.140575 -0.0326935 0.110801 0.113071 0.121561 -0.175425 -0.122973 0.0689453 -0.169613 -0.0983956 0.12944 0.107621 0.0615243 0.16207 -0.193376 0.0408214 -0.107183 -0.110297 0.177927 0.176705 
-0.103554 0.0973655 0.0968296 -0.147584 -0.0450956 0.120474 0.174971 -0.222547 -0.0259943 0.140358 0.11119 -0.0542135 0.152372 0.146568 -0.166827 0.101712 0.105391 -0.0198788 -0.103863 0.177597 -0.162674 -0.00542789 -0.153581 0.0875301 0.0149678 0.0203397 -0.126744 -0.0015084 -0.018235 0.130969 -0.0126733 0.159328 -0.056306 0.190253 0.0729495 0.108865 0.148516 0.111798 0.0913126 0.184973 -0.209864 -0.0936007 -0.00366954 -0.14932 -0.0342348 0.0827738 0.139323 0.0790949 -0.138916 0.033725 0.123553 0.100708 0.105839 -0.0044813 -0.230968 -0.170028 0.235257 0.117091 0.063929 -0.104066 0.215623 0.206755 0.179078 0.170236 0.217396 0.125853 -0.159655 -0.0668125 -0.130307 -0.0389433 0.124125 -0.0249926 0.0255169 -0.100926 0.185353 0.107 -0.140818 -0.156296 0.0540957 0.172123 -0.0606312 0.109972 0.145491 0.239903 0.0448804 0.132146 -0.125552 -0.0311137 -0.245583 -0.11525 -0.0144917 0.0250814 0.134123 0.0997922 0.195024 0.148934 0.141222 0.115015 -0.0690848 0.155063 
-0.170933 0.221104 0.089624 -0.143331 -0.20678 0.152075 -0.094133 8.22823e-05 0.155781 0.0992237 -0.0829886 0.115028 0.0330851 0.0474341 0.0535225 -0.0195267 0.0772119 -0.167636 -0.0790915 -0.162745 0.0263905 -0.147247 0.025542 0.0156799 -0.162179 -0.183182 -0.172773 0.113377 0.0496465 0.107554 -0.0334048 -0.1111 -0.0515647 -0.151742 -0.075018 0.0677847 -0.0870636 -0.101728 -0.183648 0.190925 -0.0417855 -0.20745 -0.162581 -0.173989 0.113141 -0.116558 -0.182041 0.123053 -0.164713 -0.0122216 0.138488 0.0215162 0.176568 -0.0425018 0.155135 0.184579 0.153673 -0.0541654 -0.183575 -0.169157 0.0914502 -0.0399819 0.206076 -0.00459899 0.121613 0.137403 0.101034 0.0757624 0.101657 0.0359424 0.204407 0.140552 0.168319 -0.00066958 0.142704 -0.0837337 0.185243 0.0422527 0.137016 -0.065786 -0.105164 -0.0378664 0.16908 0.169163 0.0731588 0.136494 -0.183899 -0.0420397 -0.0965997 -0.159569 -0.060173 0.131411 0.125093 0.183456 0.189477 -0.106375 -0.198425 -0.124317 -0.0372653 0.158271 
0.00314138 -0.0798833 -0.172804 0.135443 -0.129228 0.188057 -0.17014 -0.197154 0.0444867 -0.0385028 0.184292 0.151597 0.130583 -0.0400828 -0.196551 0.187172 0.0110471 0.138771 -0.187154 0.0298796 -0.0616565 0.035703 0.0506257 0.0801049 0.0297238 -0.0550552 0.0091283 -0.146232 0.0623889 0.0339007 -0.00956467 -0.0467353 -0.113777 0.0963016 -6.1574e-05 -0.201229 -0.110926 -0.0512834 0.0775219 -0.0249787 0.0559996 -0.0156774 0.0419106 0.0337945 0.177423 0.104654 0.0068613 -0.0193137 -0.0600819 -0.0579415 0.189956 0.0953476 -0.105584 -0.0667973 -0.170267 -0.105136 0.00721943 -0.087851 -0.137852 -0.0568708 -0.0513027 -0.203542 0.106239 -0.193008 -0.136946 0.0525166 0.135548 0.0825591 -0.024364 0.128236 0.0758495 0.108792 -0.144482 -0.0659311 0.102287 -0.0136742 -0.099426 -0.136028 -0.13523 0.0508029 -0.153119 -0.00861703 -0.184654 -0.106134 -0.0837939 -0.0633734 0.0905654 -0.166636 -0.0120314 0.16199 0.0777982 -0.031715 0.0478574 -0.16799 0.112657 0.19175 -0.034013 -0.187436 -0.156875 0.0146125 
-0.0223808 0.00906878 -0.182253 -0.149933 0.153869 0.00486151 0.0660865 0.0815341 -0.0887561 -0.166681 0.103109 -0.170011 -0.088457 0.0280573 0.0210954 0.0809994 -0.0137376 0.0609057 -0.128907 -0.0964783 0.183911 0.128383 -0.0513882 0.0240877 0.00262761 0.0821912 0.161036 -0.188653 -0.0631391 -0.152204 -0.12978 0.0269821 -0.178927 0.0693438 -0.171784 0.0202893 0.0189059 -0.063973 0.12953 0.042989 0.10723 0.187241 -0.185597 -0.117272 0.124238 -0.0355795 0.116498 -0.0406302 -0.16555 -0.112884 0.144982 -0.165532 -0.169082 0.11744 -0.0515474 0.161816 -0.145033 0.0176368 -0.0663094 0.0235673 -0.183137 0.200468 0.051235 -0.0430631 -0.130592 -0.0117371 -0.046498 0.024828 -0.00426345 0.160318 -0.0320086 0.0629679 0.194535 0.114785 0.0382901 -0.0192609 0.15872 -0.0854642 0.145359 -0.0766485 -0.0390537 0.0102186 -0.170407 -0.118772 0.000498354 -0.0129615 -0.166954 0.0718579 -0.11794 0.206461 -0.17197 -0.133674 -0.179151 0.170965 0.0590875 0.0594181 -0.174837 0.146975 0.0293896 -0.0237224 
-0.185175 0.120877 -0.140792 -0.00180337 0.0303604 -0.130658 0.0775376 0.0677567 0.0712042 -0.0175393 -0.0549592 0.145743 -0.0626693 -0.0813664 -0.156073 -0.0223136 -0.0967252 0.184572 0.0985335 -0.0538488 0.151024 -0.0733122 0.00691228 -0.160047 0.0827239 0.0663413 0.16147 -0.0494065 0.100491 0.115137 0.0946237 -0.0342222 0.0836452 -0.1051 0.036844 -0.152444 0.0908923 0.19803 -0.00742283 -0.162018 0.0210185 -0.0760867 0.0691107 -0.0669286 -0.1565 0.155945 0.137922 -0.0780188 0.0533028 0.0612659 -0.142576 -0.113905 0.129107 -0.0680423 -0.164454 0.134709 0.0117318 -0.116659 0.147859 0.00532121 -0.194769 -0.133202 -0.1966 0.0817194 0.165522 -0.166048 -0.0319382 -0.0476823 -0.104817 0.00147757 -0.0227565 -0.134091 -0.0644475 -0.0783136 -0.106781 -0.107199 0.154413 0.137721 0.117223 -0.0879168 -0.147609 0.125387 -0.19208 0.192423 0.051099 -0.117967 -0.131288 -0.0570832 0.188734 0.171377 0.0260728 -0.104771 0.0311535 -0.039548 0.0141345 0.109829 0.0371423 0.158806 0.108343 0.0548106 
0.0679447 0.0743568 -0.155451 0.142402 0.0299737 0.0811674 0.0813416 -0.146077 0.124625 0.0829364 0.12906 -0.0148825 0.0142769 -0.176159 -0.150278 -0.128503 -0.00208185 0.00824107 0.0367048 -0.0375349 0.0856029 -0.166663 -0.184203 -0.0892037 -0.164689 -0.0996923 -0.0189677 0.0567932 -0.177437 -0.133879 -0.122504 -0.0840631 -0.0155813 -0.188038 -0.116008 -0.168606 -0.00556761 -0.130065 0.0608137 0.0866328 0.197264 0.187816 0.000569669 -0.0560296 0.00598664 -0.184444 -0.00147768 0.112584 0.143177 0.0555191 0.17423 0.193282 0.0465599 -0.079549 0.038959 -0.163643 -0.0324489 -0.0828991 0.11224 -0.0620175 -0.0531463 0.135458 0.187613 -0.0321864 0.0136327 -0.0010756 0.141005 0.142249 -0.023307 0.172467 -0.0499901 0.0432884 0.126263 -0.0767039 0.0551046 -0.161683 -0.10371 -0.153541 -0.0617346 -0.00375357 -0.153631 -0.0263971 -0.06105 0.0152651 -0.0843591 0.0767285 -0.177953 -0.00611397 0.170566 0.0738819 -0.0095141 0.121223 -0.0422077 0.19279 0.147882 0.166244 0.140196 0.196956 0.15511 -0.190087 
0.0307942 0.114862 0.152363 -0.0955101 0.0603749 0.108902 -0.0409695 0.0565901 0.165194 -0.020566 0.197529 0.0775707 0.0380899 -0.143923 -0.0257979 0.0503837 -0.0430114 0.138142 0.153081 0.0763917 -0.189258 -0.117248 0.191003 -0.0132792 -0.151158 0.0999039 -0.0557937 -0.0250139 -0.14368 0.158392 0.0538008 0.17716 0.136289 -0.0909851 -0.0657686 0.139832 0.139828 0.129398 -0.14462 -0.202126 -0.119999 -0.0373395 0.173577 -0.0354291 0.0890532 0.0354472 -0.000291793 -0.0339357 -0.120893 -0.074798 -0.20732 -0.065406 0.121092 0.0707558 -0.161502 0.0420741 0.154298 -0.114349 -0.143817 -0.0951719 0.0224352 0.123482 0.171312 0.0137379 -0.0776104 -0.19613 0.0596831 -0.122562 0.0619172 0.111761 0.00483664 0.0790488 -0.196266 -0.0917977 0.00401195 0.00618526 0.0277724 -0.114426 -0.0884083 -0.0563077 0.0232211 -0.18632 0.0359888 0.0820355 -0.145189 0.108652 -0.0673463 -0.0976316 -0.00167029 0.0239362 0.0161459 0.122481 -0.0875077 0.138023 -0.0250718 -0.0587189 -0.142624 0.00814811 0.120403 0.00343187 
-0.0400962 -0.00953854 0.0611299 -0.0701841 -0.0644 0.000967624 0.0262046 -0.00551293 0.0104257 0.0152844 0.0461363 -0.0414599 0.126356 -0.00650532 -0.00988496 -0.00320043 -0.018437 -0.0122346 -0.00767041 -0.00333993 0.0051032 -0.00217892 -0.0112389 0.0158405 -0.0089465 -0.0162707 -0.000467452 -0.0110348 0.111462 0.0160862 -0.0336122 0.00011087 -0.0208064 -0.0109565 -0.0460388 0.100724 0.0357781 0.0397771 0.00537289 0.125651 0.0409537 -0.0099735 0.0093066 0.0366456 0.051378 -0.00224478 0.0169085 0.00988136 -0.0376185 -0.0621903 
-0.258204 -0.148192 0.243608 -0.218213 -0.352259 -0.10319 -0.397267 0.00446809 0.296129 -0.28097 -0.450533 -0.372913 0.583375 -0.0569385 -0.489524 0.0167865 -0.44586 0.328314 -0.250996 -0.270243 0.16331 -0.0240382 -0.117029 0.231069 -0.155753 -0.124788 -0.201743 -0.129341 0.412691 -0.450728 -0.188468 -0.0803163 -0.280355 -0.072979 -0.283969 0.354969 0.226804 0.169097 -0.165794 0.551922 -0.34276 -0.0403174 -0.136838 0.450634 0.238599 -0.213798 0.151099 0.051976 -0.082072 -0.215553 
0.240479 
