4
11 100 50 1 
1
0.01
-0.190598 0.225843 0.156413 -0.164192 -0.0835734 -0.103418 -0.0296874 0.013684 0.201803 0.22946 -0.125023 
0.0945581 0.0637614 0.0119917 -0.188833 -0.154222 -0.0174162 -0.195949 0.0878296 0.117735 -0.190064 0.254939 
0.193375 0.110371 -0.0727627 -0.115461 -0.0275533 -0.0512292 0.0913568 -0.219788 -0.206615 -0.172109 -0.00728617 
-0.088844 -0.0364127 0.118761 0.0987817 0.0907926 0.160412 -0.213315 -0.125275 0.0168122 0.190262 -0.0987374 
0.219329 -0.082635 0.118563 0.150102 -0.145614 0.120224 -0.15163 -0.195922 -0.0822762 -0.0664074 -0.0108152 
-0.0474261 -0.150866 0.0086624 0.0778087 0.00500099 -0.135119 -0.1345 -0.221708 0.0199916 -0.0430784 0.101226 
0.0467072 0.140871 -0.153622 0.00991274 -0.0629582 -0.0208098 0.161062 0.224275 0.0602327 -0.00389958 0.0860312 
-0.0384078 -0.161598 -0.0491578 0.0607006 -0.126676 -0.0594144 0.173469 -0.0112388 0.0960569 0.0163427 -0.0229825 
-0.201142 0.16767 -0.183707 -0.0210733 -0.0361427 0.0956167 -0.162266 -0.223869 0.00690653 -0.0913061 -0.187711 
-0.194891 -0.0353118 -0.189312 0.165289 -0.0133034 -0.0832267 -0.0807984 0.00121093 0.138994 -0.173179 -0.143872 
0.236744 -0.173049 0.0450228 0.206896 -0.160388 -0.156579 0.236113 -0.206424 -0.100611 -0.182595 0.135792 
-0.0845489 0.0394037 -0.132568 -0.126804 -0.00426892 -0.239399 -0.115589 -0.0149607 0.113502 -0.0821397 0.204432 
0.00669146 0.0268587 -0.15653 -0.0433984 -0.00593413 -0.109659 0.144699 0.164331 -0.0666813 -0.0102742 0.175298 
-0.104911 0.0777126 -0.0490646 0.0296784 0.153373 -0.10839 0.12743 0.0941128 0.104167 0.221214 0.0621399 
0.211599 -0.224609 -0.135782 -0.0564974 -0.0716133 0.188524 0.106265 -0.198838 -0.173298 -0.197073 -0.105863 
0.0540871 -0.0974579 -0.064637 -0.23653 -0.0464651 0.0688636 -0.0018137 0.207023 -0.179035 0.1417 0.0365055 
-0.211794 0.214448 0.208233 0.146198 0.203018 -0.116411 -0.127869 -0.00258642 -0.142053 0.202998 0.214924 
-0.163039 -0.207952 -0.0321439 0.0396893 0.11282 -0.013747 0.0411486 0.115849 0.0423428 -0.0197157 0.210196 
-0.0121363 0.196911 -0.114245 -0.139624 0.237498 0.0824971 -0.018916 0.0897964 0.103507 0.0967828 -0.0576014 
0.169474 -0.132033 -0.233072 -0.228688 0.173515 0.0310878 -0.100986 -0.0674762 -0.22196 0.10229 0.0947216 
0.120021 0.221721 -0.0447242 -0.0580775 0.100357 0.0405073 0.11897 0.15409 -0.0911223 0.131663 0.0918001 
-0.118382 -0.137488 0.103882 0.061863 -0.0153353 -0.00917807 0.0608052 -0.0746948 0.00299709 0.0685557 0.174725 
-0.180451 -0.135403 0.134489 -0.0567133 -0.150994 0.191183 0.148252 0.0798767 0.00737265 0.0107851 0.0669077 
0.188248 0.00244758 -0.0766341 -0.0555295 0.138838 -0.0969399 -0.105384 -0.0679688 0.22645 0.0392829 -0.0721575 
-0.124759 -0.00177767 -0.112052 -0.213756 -0.215701 0.112273 -0.144341 0.0856735 -0.135928 -0.204192 0.0381603 
-0.0372951 0.0121689 0.0586482 0.134921 0.112952 -0.232736 0.154149 -0.0793001 -0.166989 -0.0780698 0.0125782 
0.135514 0.179746 0.0751324 -0.083744 0.205061 0.107008 -0.18011 -0.138734 -0.0378314 -0.0455394 0.213568 
0.203176 -0.193192 -0.016692 0.142925 -0.0464164 0.0390832 -0.0749622 0.0427001 0.105786 0.168124 0.176819 
-0.236276 0.128623 0.123391 -0.0957976 -0.1784 -0.0643959 0.0324916 0.209356 -0.172603 0.176905 0.190476 
0.0997983 0.027301 0.212441 -0.0346401 0.20769 -0.128847 -0.137445 -0.0534391 -0.174341 -0.160788 0.0260092 
0.101583 0.142104 0.0659983 -0.224065 -0.141271 0.129627 -0.000952765 -0.0495321 0.151078 -0.0997998 0.0419335 
-0.091611 -0.0317615 -0.164144 0.209256 -0.224625 0.176551 -0.17154 0.098016 -0.138446 -0.185511 -0.118361 
-0.215343 0.0172127 0.111205 0.122058 0.138328 0.0758782 0.0606388 -0.0587103 0.176641 -0.21996 -0.0899154 
-0.146115 -0.12435 -0.0717453 0.163989 0.119138 -0.0749868 0.0778245 -0.051578 -0.150421 0.0838381 0.051679 
0.0921313 -0.0669513 -0.186615 -0.146379 0.0518152 -0.0337356 0.183799 0.0695919 -0.187442 -0.152376 -0.233977 
-0.0800943 0.153143 -0.061738 0.244938 0.0450764 -0.203626 0.0352327 -0.00179479 0.0579989 0.2367 0.133268 
0.134112 0.124087 -0.0224134 -0.229902 -0.183045 -0.0542414 -0.0817146 0.101 -0.127572 -0.218599 -0.0187193 
-0.0320201 -0.175807 0.126194 -0.229847 -0.241447 -0.0209946 0.104159 0.203726 -0.0919919 -0.227837 -0.0350569 
0.163335 -0.153066 0.0430088 -0.146029 0.0520991 0.222323 -0.0773658 0.0643196 -0.053401 0.104626 -0.108312 
-0.0997251 0.211372 -0.186895 -0.185486 -0.136365 0.0234691 0.0836904 0.0502191 0.107807 0.0708621 -0.0623283 
-0.208769 0.0264015 -0.0234069 -0.029691 -0.146633 -0.184812 -0.145549 -0.0183027 0.0605227 -0.105437 0.190271 
-0.18317 -0.0785058 0.141185 -0.152026 0.102897 0.0185823 -0.188866 0.0391442 -0.211471 -0.173313 0.0539009 
0.0142526 0.00357576 0.203652 -0.0788974 0.0994145 0.185431 -0.131305 0.0454481 -0.116743 -0.0663468 -0.0482142 
0.0611217 0.0930667 0.0581898 -0.155877 -0.184217 -0.250866 0.189885 0.124023 -0.102205 0.105657 0.180564 
-0.058329 0.188922 0.117391 -0.096158 -0.101647 -0.143505 -0.0864625 0.0729129 0.0851744 -0.042812 0.185897 
-0.0829967 0.226097 0.00267233 -0.167546 0.00336866 -0.0488879 0.0267067 0.144834 0.00250007 0.218335 -0.204824 
0.100859 -0.0727478 0.143396 -0.0594126 0.00239923 0.0190024 0.205949 -0.0925267 -0.211076 -0.198893 0.0731513 
0.0509954 -0.00196074 -0.151854 -0.105929 0.126643 0.0360568 0.155243 0.115236 -0.227618 0.155607 -0.0402782 
-0.0766742 -0.0591924 0.107046 -0.196562 -0.198743 0.0336051 0.0806411 0.0222283 -0.102696 -0.0944452 -0.0524164 
-0.0221293 0.0427971 -0.139928 -0.104149 0.0016119 -0.223263 -0.0399812 0.0422727 -0.131925 0.128192 -0.187425 
-0.189366 0.170066 -0.234901 0.0597207 0.0674124 0.165798 -0.0930454 0.0032118 0.204293 0.184038 -0.0147788 
-0.11326 0.0127466 0.0345315 -0.104495 -0.0985388 0.218069 0.135826 -0.192134 -0.217978 0.106733 0.136672 
0.0289526 -0.148747 -0.0280912 0.0399736 -0.0980608 0.0919623 -0.169922 0.228436 0.24 -0.0621573 -0.00315062 
-0.185084 0.153316 -0.111376 -0.194339 -0.212944 -0.194553 -0.232342 0.168854 -0.0159473 -0.204933 -0.00039697 
0.016785 -0.166899 0.0323145 0.181956 0.128387 0.0155214 0.116963 -0.212419 0.0241062 -0.14814 0.125349 
0.115159 -0.202277 0.0658227 -0.0236675 -0.0827674 -0.170234 0.0566737 -0.0468325 0.18672 -0.011734 -0.00846098 
-0.174433 0.188963 0.113911 -0.0378583 0.0918909 -0.051375 0.0138201 -0.0911443 -0.0669751 -0.208723 0.102083 
0.10075 -0.0691251 0.226832 0.135939 0.164752 0.164518 0.112765 -0.0911805 -0.123611 0.0687507 -0.166014 
-0.21942 -0.183724 -0.0181599 0.128348 -0.11125 0.131107 0.189969 0.120012 -0.0201899 -0.0336437 0.128271 
0.0121031 0.0366998 -0.0547185 0.138314 0.211247 -0.117575 0.0197389 -0.183846 0.179373 -0.203307 0.0736032 
-0.099418 -0.131248 0.122981 0.053827 -0.169534 0.190332 0.101295 0.153736 -0.023332 0.00996293 -0.0681549 
-0.10823 0.0426577 0.149279 0.104355 -0.0821098 0.105229 0.00701429 0.139803 0.101015 0.0673219 0.148369 
0.0929233 -0.234533 0.156746 -0.182052 0.1233 -0.201674 -0.0767312 -0.00470986 -0.126712 0.194326 0.144307 
0.0405238 0.101392 0.184468 -0.1831 -0.190761 -0.012897 -0.0266294 -0.00960799 -0.19172 -0.0366834 0.205712 
-0.0462605 0.167187 -0.05479 -0.0769289 -0.239342 0.0578371 -0.036203 -0.247741 -0.153117 -0.0987926 0.192945 
-0.12878 0.245605 0.235129 0.162421 0.167909 -0.0746647 -0.0496315 -0.154224 0.102709 -0.0477215 0.126326 
0.170712 0.1273 -0.141415 -0.146352 -0.151539 -0.0345966 -0.112495 -0.113517 0.144189 0.224 0.163023 
0.0642986 -0.15401 -0.044839 -0.110493 -0.0166032 0.0822349 0.0101511 -0.0916283 0.239619 0.1127 0.0164552 
0.23156 0.225932 0.0249105 -0.178469 0.0874355 -0.00479543 0.203062 -0.116087 -0.040521 0.106961 0.107437 
-0.145611 -0.0688651 -0.025653 0.168333 0.225129 0.253132 0.0983184 0.112943 0.0190153 0.144169 -0.197627 
-0.0619162 0.204572 0.120816 0.191534 -0.0336949 0.11581 0.0655411 0.00388185 0.12331 0.0316263 0.00564501 
-0.0424582 -0.0551393 0.0362333 0.0589313 -0.199217 -0.15353 0.137626 0.0148928 0.107284 0.0108812 -0.039339 
-0.099504 0.124396 0.135896 0.0972385 -0.0375505 0.138729 -0.212283 0.147275 0.0086271 -0.183434 0.00789824 
-0.208759 -0.126825 -0.187461 -0.0929689 0.0985989 -0.128069 -0.127643 0.0717062 -0.100362 -0.041997 0.0177233 
-0.059593 -0.148754 0.237477 0.0567592 -0.0473696 -0.171882 0.00518931 0.0231747 0.209415 0.0464522 -0.0198462 
0.0861134 0.14496 0.0734501 0.176766 -0.112767 0.0944706 -0.167227 0.129569 0.199766 0.0452675 -0.00987074 
0.0497658 0.226473 0.0562332 0.192631 0.0726159 0.0974712 0.0746757 0.0890735 -0.14138 0.228401 0.0447243 
0.165569 -0.00930949 0.00256847 0.0358514 -0.203788 0.0463874 -0.0103208 -0.0232198 -0.139634 0.0897299 0.169479 
-0.0249749 -0.173277 -0.189279 -0.0297204 -0.173869 0.0679866 0.0652568 -0.146831 0.0174978 0.0711474 0.0322077 
-0.0166385 -0.0802964 0.169761 -0.029138 0.159486 0.0808807 0.156068 -0.030047 -0.013311 -0.141422 -0.151093 
0.167523 -2.84574e-05 -0.0796869 -0.172223 -0.0363565 -0.0061312 0.0556648 -0.013053 0.112336 -0.205311 0.0601251 
-0.193348 0.0131201 -0.192091 -0.0282864 -0.103496 0.223677 -0.213899 0.0403814 0.134894 0.220472 0.217612 
0.0546896 -0.0819431 0.153726 0.0607227 -0.0227533 -0.223284 -0.228692 -0.202199 -0.164915 -0.220838 -0.215024 
-0.00656569 0.130818 -0.123432 -0.000833531 0.013053 -0.19439 0.0541554 0.181966 -0.0289157 -0.14699 0.00230118 
0.0578154 -0.135099 0.142103 -0.176475 0.129498 0.204855 0.086308 -0.108976 0.058425 0.195829 0.0218773 
0.206311 0.0274624 0.0133744 -0.203145 -0.0392768 -0.0500451 0.192215 0.124609 0.229213 0.0974148 -0.000820874 
-0.119886 0.149678 -0.188241 0.0429233 -0.126841 -0.167728 -0.140026 -0.121781 0.0683087 0.25577 0.236699 
-0.150191 0.0961047 -0.227061 0.185804 -0.223419 0.0215278 0.162542 0.129297 0.180467 -0.155729 0.108551 
-0.043075 -0.00625842 0.203198 -0.0397548 -0.146283 -0.125098 0.0505667 0.159626 -0.126283 -0.101436 0.0573617 
0.146213 0.144114 -0.0243914 -0.146027 0.124602 -0.190665 -0.155169 0.104435 -0.0238729 -0.00491132 -0.0931935 
-0.0418669 -0.168543 0.217303 0.188344 0.0661855 0.138484 -0.153961 -0.117624 0.120653 -0.233913 0.0953242 
-0.0880476 -0.0340172 0.232899 -0.0222831 0.119673 -0.0117703 -0.177701 -0.0328683 0.0448543 0.215149 -0.125613 
0.0816728 0.0780275 -0.105695 0.216442 0.0602534 0.0766083 0.164866 0.0239896 0.0911807 0.0196829 -0.064384 
0.109597 0.192104 -0.0676664 0.186219 0.00278496 0.118522 0.0135912 -0.0667911 0.0210745 0.19286 -0.0481027 
-0.0952672 0.0811044 -0.132503 0.238403 0.150897 0.0214291 -0.0686683 0.225429 0.0686925 0.0695356 -0.119253 
0.105418 0.228506 -0.0534539 -0.195573 0.0308983 -0.164349 -0.0794137 0.198814 0.196759 0.00907788 -0.162436 
-0.0783161 -0.187706 0.00788746 0.0358523 0.0470509 -0.0260633 -0.183542 0.0678601 0.172912 0.182655 0.0821738 
0.0176725 0.20138 -0.110133 -0.0149295 -0.153127 0.231152 -0.132788 -0.132466 0.0182327 0.15521 -0.195078 
-0.0933367 0.175302 -0.180176 -0.118016 0.0633675 -0.120331 0.0665699 -0.0416403 0.0329192 0.180114 -0.0752965 
-0.0735757 0.141731 -0.0516866 -0.238647 -0.0701004 -0.233077 -0.0971473 0.098353 0.19948 -0.148247 -0.134977 
-0.0822157 0.0347862 -0.00342221 -0.013043 0.0720956 -0.0055921 0.000741213 0.0638152 -9.76116e-05 -0.000709773 0.0395027 -0.00148992 -0.056828 0.00116618 -0.000292431 0.0385535 -0.000807207 -0.0738612 0.00444967 -0.000765713 -9.62899e-06 -0.0394612 -0.0224956 -0.0582224 1.25578e-06 0.0199423 0.00409904 0.00347157 -0.0335054 0.0258483 -0.0387299 -0.00106883 -0.0349974 0.0503249 -0.00427857 0.0032375 0.000183616 -0.00428649 -0.0148345 0.0552826 -0.00199269 -0.00249398 -0.0247427 -0.03895 -0.0467628 -0.0229253 0.0205092 -0.0240396 -0.00296247 0.000252168 -0.00204962 0.00752234 -0.0434541 -6.10011e-06 -0.0350825 0.0474193 0.0457514 0.00276228 -0.0321003 -0.0257098 -0.106695 0.000427319 0.0209684 0.0488343 -0.00475128 0.00325137 -0.0726834 -0.0257363 0.00026494 0.0043523 2.13929e-05 0.0629678 -0.0694768 9.76748e-05 -0.0854033 0.000904851 2.92052e-05 -0.0679229 -0.00177633 -0.00823608 0.0462454 -0.034281 -7.08054e-06 0.0386895 0.00245514 0.00403157 0.0112682 -0.069134 0.0288698 0.0261405 -0.0401101 -0.0556464 0.00040694 0.000767611 0.00252812 -0.0334306 -0.0405225 0.0237208 0.0238164 -0.00217678 
-0.143194 -0.178411 -0.103588 0.130817 0.116251 0.0441716 0.032932 0.162997 -0.0704763 -0.132772 -0.00369512 0.0954948 -0.108226 -0.0999725 0.118418 0.192645 -0.030988 -0.200188 0.0310308 -0.11944 0.106999 -0.0878739 0.17362 -0.138481 -0.0558711 -0.139959 0.0932779 -0.0638971 -0.0980083 0.0843951 -0.0127639 0.140682 -0.162128 -0.0411822 -0.125876 0.164974 -0.104065 -0.164962 -0.157375 -0.0601205 -0.00365487 0.0577406 -0.190545 0.142422 0.0665642 -0.0299475 0.0243465 -0.170197 -0.128875 -0.085295 -0.125571 0.143116 -0.175066 0.0507071 0.0169539 -0.0968492 -0.0241882 -0.0619805 -0.0331426 -0.154226 0.134825 0.17208 -0.157024 0.169463 -0.184675 0.129699 -0.0882576 -0.106683 -0.055534 -0.0598387 -0.0107378 -0.0717434 -0.15654 -0.00326248 0.131317 -0.105999 -0.171577 -0.0288236 -0.121398 0.00894237 0.024074 -0.0955703 0.170174 -0.153846 -0.0278143 0.147179 0.0862833 -0.186041 0.164028 -0.186192 0.195131 -0.156424 0.0973789 -0.104783 -0.143523 0.190731 -0.130256 0.0585457 -0.113833 0.123211 
-0.216595 0.0852143 -0.0674241 -0.196041 0.0684254 0.0424528 -0.00322592 0.195915 -0.0200368 -0.111815 -0.0339982 -0.0878482 -0.0519383 0.220216 0.036718 0.110419 -0.0633834 -0.0476803 0.0138258 -0.0848079 0.189116 -0.0244078 -0.0973781 -0.162727 -0.167529 -0.143503 0.0157206 0.198683 -0.109073 -0.150738 -0.12009 -0.138117 -0.133625 0.173945 -0.073748 -0.144379 0.0736101 0.147322 0.088215 -0.173485 -0.0769042 -0.212842 -0.195023 -0.191066 -0.0706669 -0.19515 0.0619816 -0.0646337 -0.110792 0.145263 0.0429977 -0.0613931 0.000517272 -0.0845676 0.106855 0.0255161 0.0925566 -0.0315554 0.105674 -0.0104887 -0.213002 -0.0144162 -0.105611 -0.0601027 0.120755 -0.0860363 -0.159399 0.0363125 0.0933126 0.187842 -0.0837285 0.0506348 -0.104752 0.0686768 -0.195701 -0.0612014 0.236256 -0.168418 -0.0565454 0.193581 0.115646 -0.166584 -0.0875324 0.196895 0.048533 0.131416 0.166516 -0.0257236 0.163234 -0.0519497 -0.134469 -0.0717807 0.0679242 0.0498669 0.196634 -0.0437663 -0.0903729 0.0593014 0.0302135 -0.0594619 
0.0642908 -0.191357 0.0970915 -0.0202422 -0.0250343 -0.0208282 0.0712678 -0.0349649 -0.183297 0.122091 -0.0137312 0.174414 -0.0440777 0.173867 0.142747 0.0596794 -0.164283 0.19843 -0.0452738 -0.0556793 -0.0935946 -0.0761411 0.0531523 0.163349 -0.0842873 -0.110539 -0.150184 -0.0302744 -0.0397704 -0.0742973 0.140374 -0.182597 0.0134823 0.107995 0.0692149 -0.00644002 -0.0714154 0.0396692 0.0253158 -0.0888318 0.173376 0.144738 0.132382 0.123248 -0.0934039 -0.10048 -0.0592333 0.0667925 0.0846911 -0.0811849 -0.0298287 0.0511011 -0.0606657 0.142814 0.0574992 -0.0426482 -0.0611066 -0.136451 0.151962 -0.115266 0.106555 -0.0337351 0.137217 -0.0962567 0.124833 0.007373 -0.143307 0.139474 0.0310741 -0.198164 0.167493 0.144548 -0.148481 -0.0544423 0.176992 -0.174423 0.0712477 0.186925 -0.0480046 0.100575 -0.0133856 -0.0549876 -0.122611 -0.0587241 0.156275 0.15057 -0.092317 0.173811 0.0441843 0.186116 0.184 0.152822 0.0109785 0.0639323 0.0139931 0.0944622 -0.00807137 0.143956 -0.121455 0.0469929 
0.00246211 -0.0579258 -0.0115936 -0.199842 -0.132437 -0.182093 -0.0485039 0.0028961 -0.00494311 0.0532193 -0.0467266 -0.0217251 -0.147688 -0.138768 0.157108 0.0350431 -0.199226 -0.0737785 0.0394038 0.109552 -0.111131 -0.0446076 0.0641042 -0.147639 -0.0645108 0.0401115 -0.152512 -0.00475465 0.157065 -0.0923085 -0.125642 0.0207286 -0.0830849 -0.199323 0.120638 0.0719801 -0.121743 0.0823332 -0.0771011 0.00477918 0.0918573 0.0877763 -0.0370539 0.144944 -0.190433 -0.146198 -0.0959618 -0.123425 0.097433 0.0324953 -0.000159046 0.0583537 -0.0436651 0.147163 -0.137581 0.170035 -0.0744538 0.136181 0.0302721 0.121492 -0.182202 -0.101242 -0.00658024 0.0730393 0.0920424 -0.0396566 0.166733 0.166225 0.185805 -0.114984 -0.0168757 0.0164072 -0.0445577 0.101376 0.0653036 -0.0425951 -0.112353 -0.0240607 0.145078 -0.0929833 0.0264122 -0.0121169 0.12312 -0.115219 0.0163235 -0.129444 0.0940646 0.12663 -0.0508992 0.0686106 -0.0672248 -0.145207 -0.106532 -0.0464384 0.0295411 -0.172453 0.0760661 0.0142863 0.127178 0.10581 
0.0977551 0.00819234 0.175547 0.196133 -0.00587151 0.205761 -0.185047 0.144443 0.0191415 -0.0221982 -0.194536 0.201785 -0.0393898 0.0765044 -0.0206754 0.183014 0.00174532 0.134174 0.0472821 0.199918 -0.0404529 -0.0994315 -0.0985243 0.121415 0.0342176 0.0813558 -0.0849174 0.00200646 0.130991 0.146794 0.202054 -0.0133937 0.188113 -0.0372316 -0.0927641 0.0205577 0.150463 -0.0866359 -0.165488 -0.172594 -0.0870652 -0.176774 -0.0782329 0.0967609 0.11987 0.173911 -0.047678 -0.194726 0.0639763 -0.166395 -0.0835221 0.18966 -0.0840374 -0.0719012 0.0121775 -0.0427901 0.135409 -0.151688 -0.133716 0.0984461 -0.104948 0.0128061 -0.116619 0.0368007 -0.0153265 -0.0383216 0.130037 -0.00128105 -0.0310216 -0.0951269 -0.0791674 -0.173308 0.113232 -0.0775804 0.188644 -0.0553737 -0.0239935 0.092358 0.211953 0.146147 -0.202939 0.0897882 0.145175 -0.138711 -0.00512551 0.102283 -0.154324 0.0562798 -0.05477 -0.0759225 0.0336357 0.00840366 0.112794 -0.0840513 -0.121209 0.000578417 -0.0509528 -0.201354 -0.174163 -0.0678913 
0.0835965 0.12654 0.186705 -0.014825 0.0761779 -0.105195 0.100975 -0.0740998 -0.0203005 -0.130226 0.198705 0.0236248 -0.170786 0.0494477 0.0839796 0.0049908 -0.179952 -0.130934 0.112111 -0.0210822 -0.122487 -0.0289716 0.126184 -0.193809 -0.154123 -0.0589244 0.0796153 -0.155043 0.038101 -0.100545 0.00523041 -0.194906 -0.200206 -0.0752155 -0.176276 -0.00295402 -0.183357 0.0202564 -0.216902 0.0675855 -0.115056 -0.136294 0.109894 -0.149485 -0.154176 -0.0939664 -0.173364 -0.16705 0.0736785 0.0180375 0.0747948 0.141324 0.0324245 0.0528771 0.074758 0.0415542 0.0193314 0.0473555 0.00578651 0.108652 -0.132782 0.140217 0.120758 0.0962113 -0.0502393 -0.0475293 -0.209338 0.140709 -0.0450508 0.121847 -0.179953 -0.10278 -0.0684543 0.05062 -0.179432 -0.00295259 -0.0640955 -0.0585359 -0.021858 0.0512407 -0.132273 0.0795206 -0.186293 0.0449549 -0.103289 0.0649327 0.0234687 -0.161667 0.00936249 0.174951 -0.0795344 0.168991 0.0903792 0.113778 0.011691 -0.051868 -0.220845 0.132521 -0.0680911 -0.0856881 
0.0534032 -0.0097353 0.180133 0.105495 -0.110057 -0.162255 0.123459 0.0534233 0.11216 -0.125147 -0.21759 -0.0364778 0.0309436 0.0277473 -0.0813582 -0.14478 -0.0874938 0.223379 0.00513156 0.082923 0.0958837 0.180274 -0.0690159 -0.0435613 0.195518 0.110489 0.062335 -0.075505 0.189021 -0.167686 -0.0666494 0.0476866 -0.140928 0.109237 0.114635 -0.0148698 0.0387228 0.109047 -0.11605 -0.0840617 -0.0190718 0.0643374 -0.163008 -0.0270181 0.151865 0.0665961 0.138702 -0.0614688 0.0647261 0.129383 -0.00636317 -0.0320386 0.164106 0.0200986 0.0399965 -0.0184058 -0.0291847 -0.0692081 0.14875 -0.0691896 0.0969837 -0.17142 -0.107357 -0.11267 0.133944 0.15414 0.0817551 0.179592 0.0481258 -0.0256679 -0.167714 -0.156968 -0.0445236 -0.0755862 0.176275 0.018348 -0.157858 0.19012 0.0826599 0.100077 -0.158867 -0.0758037 -0.0970947 -0.101013 -0.116936 -0.099666 0.125156 0.221317 -0.0618402 -0.215578 -0.128165 -0.0542826 0.0669057 -0.156939 -0.199666 0.0388388 0.0635261 0.0589439 -0.125696 -0.015567 
0.142928 0.0212474 -0.113834 -0.0618665 0.169567 0.0112812 0.0128067 -0.0767372 0.111304 -0.177046 -0.0696341 0.187601 -0.0645522 -0.0667301 -0.193731 0.0399102 0.00635561 0.0585475 -0.0216874 -0.14878 0.129428 0.129686 0.143973 -0.11651 0.183962 0.191645 0.0813476 -0.153528 0.160167 0.051236 0.140128 -0.114321 -0.0374518 -0.161097 0.0537378 0.168664 0.198365 -0.00455801 0.0537095 -0.0398531 -0.129086 -0.140744 0.16426 -0.190764 -0.151801 0.14239 -0.173711 0.146526 -0.0527888 -0.0116646 0.0831995 -0.0506468 -0.111002 -0.0375687 -0.0239126 -0.0987579 0.170836 0.0336384 0.0912892 0.173973 -0.154056 -0.0185539 0.134834 -0.146532 0.126978 -0.194471 0.0524741 0.189483 0.158053 -0.193338 0.156806 -0.0238483 0.195634 -0.0443451 -0.128452 -0.0528392 0.129274 0.0527116 0.200824 0.043048 -0.115376 -0.00549027 -0.187185 0.074983 -0.0537844 0.0631172 -0.102491 -0.125696 0.0920227 0.0253039 0.144338 0.0461186 0.0625658 0.186716 0.163244 0.0287107 0.155493 0.143153 0.146579 -0.18652 
-0.200217 0.1249 -0.0263271 -0.0788786 -0.1539 0.131289 -0.130159 -0.130755 -0.0917161 0.186456 -0.0135889 0.0449002 0.189432 0.141298 -0.0531904 -0.00125664 0.159126 -0.14269 -0.0838178 0.119954 0.0480257 0.15513 -0.00286001 0.074271 -0.00551968 -0.018772 0.127206 0.0675827 -0.206504 -0.156961 0.130791 -0.0538756 0.0701004 0.188239 0.0928282 0.125892 0.0606427 0.0194631 -0.14781 0.198806 0.0853032 -0.0514977 -0.103844 -0.152786 -0.0235905 -0.0925598 -0.18551 0.00948197 -0.0233791 -0.189091 0.165035 -0.0493226 0.0835494 0.103562 0.0154599 0.176222 0.0145515 -0.173011 -0.10502 -0.106678 -0.147586 -0.139747 -0.0333306 0.15949 0.081354 -0.192001 0.152595 0.0814715 0.165018 0.145593 -0.0654222 0.0354239 0.0802224 0.11716 -0.161135 0.187025 0.0733854 -0.162324 0.00810149 0.174028 0.0631908 -0.128856 0.0957613 0.193205 -0.0602099 0.0636924 -0.180262 -0.170656 0.174886 -0.0143607 0.179862 -0.0273623 0.145783 0.0446431 0.0177742 0.181143 -0.181337 -0.0629658 -0.0424637 -0.171468 
0.166949 -0.0523809 -0.0812226 0.160181 0.0698957 -0.0338565 -0.160993 0.133109 -0.167849 0.162057 -0.0721902 0.14017 -0.133822 0.129749 -0.125495 -0.169602 -0.192312 0.040895 -0.18664 -0.0557919 -0.12774 0.127324 -0.0483932 -0.145203 0.114904 0.0928842 0.112042 0.178598 -0.20603 0.20415 0.143998 -0.183442 -0.176482 0.215434 -0.0985493 0.136154 -0.201696 -0.0175707 0.159025 0.190122 -0.174792 -0.188273 -0.198117 -0.107375 -0.134331 0.0358106 0.169424 0.144283 -0.194662 0.0859926 -0.142773 -0.0810129 0.0263683 -0.0850512 0.0267484 -0.0884349 0.131728 -0.119646 0.0703532 0.109273 -0.220541 -0.182215 -0.160778 0.1733 0.180688 0.19739 -0.10433 0.157447 -0.0532474 -0.176438 0.00453839 -0.0329708 0.0110962 -0.149321 -0.00469612 -0.155365 0.123289 -0.189574 -0.142011 -0.188776 -0.00125473 -0.101216 0.0202729 -0.00372134 0.101178 0.0958622 -0.159036 -0.188724 -0.169057 -0.0864539 -0.0495719 0.0958835 -0.104942 -0.188459 0.170796 -0.13066 -0.143074 -0.0229698 0.225851 -0.023293 
-0.0098657 -0.127281 -0.201556 0.0779055 0.202027 0.08448 -0.157863 -0.00751122 -0.00566776 -0.173834 0.0438555 0.109738 -0.0747956 0.0776835 -0.0617226 0.0650004 0.0737236 -0.121695 -0.15895 -0.00745494 -0.15166 -0.0728313 0.159859 -0.084766 0.144333 0.097912 0.0441515 0.179143 -0.147406 -0.133907 -0.0664113 -0.0166034 0.0829735 0.175504 0.132994 -0.165542 -0.101449 0.0160032 -0.0901964 0.139424 -0.0297619 0.0761414 -0.000840365 -0.083243 -0.120643 -0.166052 -0.0507873 -0.121549 -0.133125 -0.211574 -0.0280343 0.115342 -0.0902293 0.130008 -0.100939 -0.153769 -0.0206134 0.198637 -0.066759 -0.184451 -0.00459318 0.189128 -0.0707442 -0.16205 0.0313838 0.094942 -0.0472348 -0.147519 0.155437 0.0341389 0.124822 0.0023319 -0.210377 -0.0720454 -0.203958 -0.0316283 -0.131242 -0.180342 0.0929412 -0.0740625 0.00287488 -0.135004 -0.13472 -0.114281 0.0618292 0.185552 -0.118574 -0.125415 -0.171834 -0.0559777 0.000139133 -0.0567231 -0.022067 -0.0948805 -0.137894 0.164399 0.0319622 -0.18526 0.0637103 -0.166142 
-0.20426 -0.154101 0.0833671 -0.175347 0.0467174 -0.157987 0.0548413 -0.059265 -0.191653 0.0120772 -0.13782 -0.000944467 0.0866452 0.134129 0.128553 0.180494 -0.0168159 0.0620843 0.0220034 0.195104 0.0193906 0.165306 -0.00886415 -0.0524625 0.0504436 0.198149 0.110109 0.102272 -0.13617 0.187327 0.010243 -0.0115275 -0.164501 0.165242 0.0297223 0.14032 -0.107111 -0.192065 -0.0663704 -0.030801 -0.074421 0.187677 -0.155707 -0.105802 0.10965 -0.0352144 -0.174672 0.0339909 0.0512166 -0.174387 -0.143745 -0.0867521 -0.115811 -0.0903755 0.0496 -0.0785574 -0.137634 0.0419111 -0.129501 -0.0809411 -0.17018 -0.12527 -0.0138692 0.0352672 0.0188693 -0.147035 -0.0849289 0.0961742 0.184457 0.12638 0.0881953 -0.0186682 -0.0404582 -0.200803 0.164704 -0.0727182 0.0777561 0.079294 0.179452 -0.114746 -0.028833 -0.102798 0.183622 -0.104969 -0.168566 -0.0736937 0.14397 -0.142312 0.176296 0.195381 0.148826 -0.142957 -0.0595241 0.0918843 0.189312 0.0868359 0.0990998 -0.0945705 0.0167291 0.0333525 
0.166145 0.079901 -0.0995183 0.120552 -0.0251939 -0.121605 0.140256 0.0211357 0.0110423 -0.179621 0.0943127 0.00585576 0.106988 -0.0827645 -0.111825 0.102429 0.105691 -0.20884 -0.0819842 0.119039 0.0365164 0.090505 -0.0687623 0.10641 0.143804 -0.0794409 -0.0504678 -0.0153772 -0.193366 0.15175 -0.165095 -0.103561 0.118343 0.194571 0.0738098 0.0683763 0.0798336 -0.135315 0.160675 0.13279 0.0329974 -0.0773608 0.0216925 -0.189411 0.106032 -0.11287 -0.167294 0.0492265 0.124341 -0.0720143 0.00637094 -0.0470188 -0.15392 0.032396 -0.180367 -0.0218273 -0.0217272 0.0795854 -0.102856 -0.204455 -0.171437 -0.158978 -0.0447806 0.217573 -0.0109255 -0.0414552 0.045838 -0.109794 0.168372 -0.130113 -0.0618281 -0.0699507 0.154587 0.0305829 0.111644 0.150135 0.00683988 -0.19271 0.0679224 -0.0610721 -0.16637 -0.108061 -0.0999252 0.0582524 -0.158159 0.00979234 -0.0197193 0.0451638 0.0438449 0.116699 0.121916 0.154625 -0.0951455 0.128908 0.135804 0.0580574 -0.147654 0.105978 -0.154903 -0.0799603 
-0.0687653 0.0355751 -0.125533 0.0846202 -0.0358324 -0.046214 -0.122991 0.0832212 -0.115285 0.162314 0.0116598 -0.171591 0.0437556 0.00769548 -0.153594 -0.0165941 -0.0514386 -0.0289841 0.113296 0.0821882 0.219322 -0.0743298 -0.00494605 -0.0379513 0.0124786 0.203758 -0.0946222 -0.00792796 -0.203999 0.123147 -0.122612 0.175233 -0.161503 0.0560048 -0.173961 0.0189529 0.138612 -0.0323708 -0.0893132 0.0761111 0.0729777 0.00319403 -0.125891 -0.136788 0.179953 -0.190121 -0.16917 -0.0721094 0.0124258 0.0997761 0.187541 0.154669 0.0357644 -0.127481 -0.04294 0.0434145 0.182818 0.154412 0.146351 0.109123 -0.0574531 0.153703 0.153171 -0.07805 -0.152335 0.167862 0.0812383 0.137746 -0.120123 -0.102211 0.0803288 0.046284 -0.166649 -0.0329064 -0.177873 0.171809 0.148951 -0.190892 -0.163699 -0.145746 -0.106985 -0.179962 -0.0211716 0.122577 0.00199991 0.092325 0.0333941 0.0864787 0.109571 0.194474 -0.102768 -0.123534 0.0476766 0.0356859 -0.157886 0.0803642 0.122121 -0.0129451 0.0100971 0.0587915 
0.197612 -0.174154 0.181344 -0.0894814 -0.150333 -0.0767576 0.0631757 -0.0701417 0.0216696 0.1805 0.0625881 -0.110168 0.134065 -0.120932 -0.0212381 -0.0806857 0.0607773 0.00955741 -0.05654 0.0917138 -0.176518 0.090778 0.116168 0.0147815 0.0980965 -0.0559248 -0.0992048 0.16248 0.199981 -0.0267858 0.200491 0.151984 -0.187636 0.161759 0.147788 -0.115094 -0.142337 0.0792313 0.136951 0.0680521 0.0708416 0.0432326 0.00993505 0.05951 0.0295655 0.0470252 -0.167789 -0.188059 0.0122444 0.0176715 0.10501 0.120362 -0.137247 -0.117316 0.0854324 0.0687661 0.140226 -0.0283269 0.177425 -0.0985526 0.119833 0.0562972 -0.185073 -0.00887871 -0.158629 -0.0986011 0.142541 0.00939657 0.0457792 0.127867 -0.121438 -0.0769846 0.0783226 0.125277 -0.111045 0.0517685 0.00481736 0.185884 -0.0979397 -0.0295434 -0.188027 -0.00731502 0.213301 0.110573 -0.158049 -0.199711 -0.0733258 -0.0123277 0.0587288 -0.053033 0.0266435 0.0336606 -0.0337954 -0.106073 0.141761 -0.0876084 0.116161 -0.19831 -0.0891405 -0.152778 
0.0350294 0.0407898 0.0993207 0.191924 -0.105319 -0.148541 0.0833799 0.0270519 0.0501524 -0.0540489 0.142754 -0.0682515 -0.00482712 -0.02129 0.0646404 0.018664 0.046822 -0.0825205 -0.00356065 0.0102938 -0.0238135 0.117653 0.127896 0.0590748 -0.0607347 0.0996773 0.0487672 0.152409 -0.00356743 0.0143392 -0.112769 -0.187626 0.084313 -0.0634582 -0.0594719 0.12206 0.0439648 -0.152104 -0.148468 0.0313255 -0.114173 0.0178001 0.0726737 0.193151 -0.00821086 0.100228 -0.139439 0.0141324 0.195967 0.0578995 -0.0430219 -0.141724 0.0510105 0.105789 0.183853 0.107033 -0.185035 -0.0535262 0.08616 -0.181603 0.0122573 -0.0859129 0.0413819 0.140612 -0.0415816 0.0201148 0.141775 -0.0312529 -0.186411 -0.0296879 -0.0721909 -0.171559 0.181398 0.0413717 -0.0283763 0.169629 0.127196 -0.024293 0.0570483 -0.190986 0.0264726 0.0789056 -0.00542856 -0.106358 0.184619 0.122192 -0.103214 -0.00879196 0.0719164 0.0927538 0.188398 -0.149956 -0.0358284 0.0611983 0.157183 0.0837141 -0.018802 -0.0785257 0.146969 -0.00713274 
0.198163 0.122353 -0.011217 0.0602793 -0.0131855 -0.164667 -0.0555153 0.00411822 -0.159713 0.195992 0.16099 0.0115845 -0.107209 -0.136051 -0.102258 -0.0722 -0.115455 0.0538198 0.0550347 -0.146098 -0.126757 0.187142 0.170273 -0.0334625 0.13525 -0.22685 -0.00917727 -0.143566 -0.0855459 0.054326 -0.171573 0.149144 0.224679 0.139865 0.12417 0.00889068 0.0671686 0.0730363 0.151735 0.126938 0.145195 -0.17846 0.0185718 0.0509947 0.0373693 0.192557 0.0989323 0.0236622 -0.0103206 0.154643 -0.000409028 -0.16346 0.189003 -0.118718 -0.163651 -0.109247 0.0564405 0.12985 -0.0417146 0.200308 0.151399 0.141579 -0.0354165 -0.117252 0.179392 0.09041 -0.106415 0.135564 -0.0383144 -0.156427 0.18323 -0.204636 0.0569927 -0.0318043 0.132815 0.0377294 -0.150375 0.18655 -0.0819429 0.0840441 0.0830109 -0.00643577 0.143909 0.0979183 -0.0817426 -0.0963698 -0.116168 0.154113 0.073047 0.177129 -0.00632656 -0.0439743 -0.0960348 0.0164668 0.126695 0.202562 -0.0237468 0.153995 -0.0881612 0.172027 
-0.192267 0.101158 0.0651406 -0.180083 0.157817 0.0368904 -0.0960857 -0.0526427 0.158119 -0.036428 0.173527 -0.0172878 -0.0897354 -0.200598 0.0765525 0.000171256 -0.00740155 0.150345 -0.127723 0.19254 0.0945988 0.153096 0.00383358 0.015649 -0.155868 -0.185264 -0.0733012 0.00969685 -0.151551 0.0642345 -0.114459 -0.097842 -0.00584977 0.161182 0.138492 -0.128641 0.167135 0.0476422 0.0649716 0.11184 0.0775033 0.0807503 -0.143109 0.0810818 0.116315 -0.0711901 0.0355932 -0.184718 -0.0217474 0.0327979 -0.0607452 -0.118387 0.0221381 0.107989 0.0477349 -0.0910076 0.0985867 0.0664853 0.195118 0.160355 -0.146245 0.0595609 -0.187238 0.0141371 -0.0324672 0.180684 -0.155177 0.168627 -0.0630618 -0.191355 0.135686 -0.0766169 -0.0430636 0.125832 -0.0643314 -0.153529 0.0898975 -0.193427 -0.102588 0.00866213 0.125106 -0.152619 0.159966 0.155304 -0.123692 0.115953 -0.000893372 -0.106537 -0.131803 0.150617 -0.00697867 -0.0568435 0.0707924 -0.0225676 -0.0452175 0.028991 -0.167981 0.0963331 0.0882175 0.0642765 
0.135769 0.154105 -0.0166558 -0.00990035 -0.120694 0.0808683 0.145496 0.107198 -0.0517816 -0.177571 0.0498706 -0.0794868 -0.0438982 -0.140227 -0.181436 -0.0380653 0.108556 0.167305 0.0450978 -0.116016 0.00073511 0.0164137 0.183483 0.00287258 -0.0913123 -0.121105 -0.199435 -0.0237909 0.0758402 0.0722338 0.211323 0.141451 -0.0383018 -0.169253 -0.0384539 -0.000132027 -0.11567 0.0295288 -0.135023 0.0524394 0.173893 -0.0989366 -0.103062 0.176502 -0.117977 -0.0301164 -0.173045 -0.132721 -0.0364539 0.118305 -0.207241 -0.196904 0.0768004 0.153746 0.0172051 -0.169735 0.157696 -0.149587 0.131732 0.111363 -0.0270159 -0.13772 -0.0905973 0.0958647 0.127178 0.163219 -0.18691 -0.087771 -0.0713944 -0.0645555 0.15607 0.124469 0.13256 0.00240795 0.135333 -0.0214037 0.0496981 0.209928 -0.183613 -0.0662512 0.0850635 -0.0781662 0.214075 -0.105907 -0.0656637 0.11792 0.0521278 -0.0130766 0.0440941 -0.0722626 0.19851 0.0615823 -0.165079 -0.067889 -0.00263005 0.174344 -0.167355 -0.153114 0.0970215 -0.0472999 
0.132028 -0.0507492 -0.121847 -0.192459 0.209375 -0.119825 -0.0973293 0.0722521 0.131599 0.0392039 0.144388 0.0275175 0.0359592 -0.12579 -0.135538 -0.126613 0.0957792 -0.0521432 0.0350189 0.0541986 -0.106264 0.138182 -0.175542 0.0646038 -0.00352316 -0.139499 0.0646007 -0.146984 0.0738508 -0.0560551 0.164617 0.104197 -0.0146117 0.178955 -0.20042 -0.139401 -0.187139 -0.159431 -0.180002 0.121347 -0.0248133 0.000447408 -0.024073 -0.0851205 -0.00485852 0.0381072 -0.0162254 -0.0635048 -0.0469118 0.180376 -0.114052 -0.0564778 0.0145002 -0.036053 0.0997254 0.151611 0.0837325 0.0957092 0.0548812 -0.157464 -0.141474 -0.0570608 0.0692606 0.17542 0.137904 0.0284859 0.0641978 0.0892345 -0.0568838 0.114516 0.147809 0.0157761 -0.217053 0.0951585 0.159717 0.153731 -0.0643369 -0.019285 -0.0368374 0.0895802 0.00919845 0.00557866 -0.0807936 0.0607163 0.0951328 0.00268124 0.171215 -0.115589 0.199374 0.0654178 -0.179397 0.00900542 0.171275 0.128764 0.175031 0.15936 -0.0206555 0.0602807 -0.0601435 -0.0106151 
-0.120442 0.0143651 -0.178357 0.184452 -0.133648 0.176772 0.127735 -0.112327 -0.0998972 0.214531 0.0317651 0.0502938 0.0617407 -0.150088 -0.0708805 -0.0976255 0.0114805 0.21832 0.0483651 0.00590017 -0.0986362 0.0539908 -0.0686359 0.208903 -0.0487519 0.173178 0.151285 -0.185476 0.144418 0.163889 0.0522898 0.0463576 0.127408 -0.128298 -0.0120137 0.0853892 -0.0910759 0.152382 -0.0320624 -0.157695 -0.0497315 0.0897973 0.135134 -0.118297 0.0844468 0.117975 0.0493216 0.171825 0.0537768 -0.132745 -0.070656 0.178109 -0.112286 0.16197 -0.102327 -0.156546 0.144346 0.0784506 0.088011 0.163665 0.0660057 -0.12655 -0.0886997 -0.0388569 -0.0195937 -0.160499 0.145413 -0.0291988 0.0436599 -0.142146 0.082087 0.139847 0.208119 0.0191856 -0.174531 0.121722 -0.174908 0.0106197 -0.173924 0.193313 0.0548495 -0.156361 -0.0927864 -0.0292532 -0.202951 0.130176 -0.0642587 -0.153812 -0.130926 -0.13383 0.173879 -0.0193608 0.060241 -0.174853 -0.129464 -0.15463 -0.130188 -0.107031 0.126172 0.0779314 
-0.0254533 0.128522 0.16626 0.131722 0.0198696 -0.132615 -0.00536917 0.16843 0.0200988 -0.0949257 0.138654 -0.127442 -0.0294432 -0.170079 0.167759 0.138536 -0.156188 -0.115277 -0.124142 -0.101642 -0.153304 0.149087 0.183851 -0.0443072 0.126717 0.0992323 -0.11702 -0.180738 -0.170707 0.109287 0.0972062 -0.0631138 0.0547384 -0.0792158 -0.120364 -0.128771 0.0751824 0.094832 -0.168848 0.0276593 0.188621 0.110429 -0.0658521 -0.0374651 -0.179657 -0.0607332 0.0718293 0.116803 0.189497 0.00866743 0.0979718 0.0229723 -0.173569 0.119121 -0.179459 -0.153138 -0.0054049 -0.181375 0.17512 -0.194633 -0.0884992 -0.0957115 -0.180953 -0.178738 0.0124088 -0.181714 0.176301 0.129212 0.0342119 0.194495 -0.174162 -0.114619 -0.0310643 0.0537988 -0.00147569 0.12743 0.0443414 -0.0225295 0.182081 -0.0884091 0.175355 -0.040029 -0.18327 0.176369 0.150814 -0.180674 0.115822 0.113263 0.170308 0.0780973 -0.117493 -0.111121 0.156475 -0.173669 -0.0333085 -0.0434554 0.170388 0.00637203 -0.147581 0.132049 
-0.131793 -0.0891269 0.200597 0.120105 0.164146 0.169474 -0.143976 0.0073033 0.116999 0.119989 -0.110266 0.137494 -0.121397 0.143809 -0.0821233 -0.0843186 0.107981 0.0126944 0.0781059 -0.040181 0.171733 0.0582132 -0.0541979 0.179953 0.0451348 0.0278774 -0.0910917 -0.206115 0.0870914 0.0442321 -0.0787558 -0.175958 0.0217167 0.12438 0.149609 0.0450505 0.0438407 -0.139997 0.0095239 -0.0847006 -0.137102 -0.134998 -0.134131 0.0649877 0.165937 -0.145338 -0.0611827 0.125312 0.0925448 -0.072373 0.138143 -0.108234 0.0814659 -0.016309 -0.0908552 0.0521851 -0.148328 0.00977003 0.175727 -0.106603 0.159355 0.098962 -0.124142 -0.060602 -0.0482494 -0.110943 -0.0539722 0.0399637 0.0791728 0.147794 -0.058467 -0.119559 -0.107378 0.129155 0.189328 -0.0858818 -0.180146 0.0309578 -0.0652371 0.0931206 -0.0986817 -0.0466024 -0.182685 0.0222 -0.0234783 -0.131334 0.132756 0.183799 -0.120072 -0.119274 0.0795962 0.189153 -0.0420606 -0.0115455 0.00855005 -0.135883 -0.141861 0.180324 -0.0347914 -0.122844 
-0.0435073 -0.0245694 -0.10901 -0.145484 -0.191027 -0.175696 -0.126993 0.0572496 -0.108148 0.08137 -0.0385782 0.00210375 -0.122547 0.0845436 0.109987 0.0582983 0.141031 -0.0661914 -0.0442059 0.109096 0.156515 -0.0786013 -0.179509 -0.121133 -0.152843 -0.116382 0.101525 -0.0672524 -0.184257 -0.0916413 -0.139687 0.136459 0.0244589 0.10144 0.0598268 -0.103774 0.0301407 0.0366404 -0.134237 0.105315 0.108833 -0.0107544 -0.15543 0.00264252 0.160219 0.0067403 0.180762 0.205074 -0.0461723 -0.0670114 -0.129639 -0.0289706 0.0819361 0.190668 -0.0594161 -0.200225 -0.135759 -0.0250112 -0.0188971 -0.0895171 0.203293 0.0249117 -0.0440427 -0.125517 0.0212292 0.183243 -0.10858 -0.0338633 -0.133874 0.0147648 0.104501 -0.131551 0.197195 -0.0637395 -0.125902 -0.0894481 0.169065 0.146305 -0.102725 0.0819642 -0.136246 0.0922905 -0.13182 -0.0914999 -0.0301633 -0.10566 -0.188859 0.0271711 -0.146928 0.145003 0.15336 0.113192 -0.0411084 -0.0674078 -0.187582 0.0589261 0.181486 -0.0808768 0.176343 0.0111882 
-0.0912958 0.181727 -0.124862 0.130029 -0.059611 0.0927074 0.0463397 0.012536 -0.180607 -0.020823 -0.0775851 -0.117326 0.121397 0.032631 0.00730984 -0.0234935 -0.0815519 0.112989 -0.189877 0.115837 0.0342765 0.0689777 0.00688504 -0.147644 -0.180371 -0.0549491 -0.192727 0.106361 0.0452059 -0.11056 -0.0913398 -0.0967856 -0.0606663 0.00741334 -0.0470269 0.189946 -0.0116008 0.0396043 0.134616 0.164999 -0.0222424 -0.0294079 -0.0441985 0.158359 -0.133499 0.197456 0.0125758 -0.00550749 0.0594801 -0.0639423 -0.0421362 0.00910962 -0.14468 -0.0470514 -0.0325156 -0.0702734 -0.0379004 0.152349 0.00752004 0.0782715 0.0908517 -0.0230541 -0.0869024 0.0663878 0.0460531 0.0594407 -0.00412957 0.0754588 0.064605 0.150943 -0.149403 -0.165617 -0.0921474 -0.174403 -0.0866929 -0.169141 -0.182048 -0.165086 0.0850607 -0.180578 -0.159917 0.0312405 0.10449 0.0455601 -0.174878 -0.131014 -0.105882 0.0543457 0.109426 -0.0921574 0.0595804 0.111607 -0.0378928 -0.0392111 -0.164492 -0.0839932 0.136013 -0.0448503 0.183001 -0.00997972 
-0.0808848 -0.0263479 0.0428446 0.105148 -0.187155 0.00575054 0.183088 -0.114457 0.132467 0.0196847 0.0530229 0.14407 -0.109699 0.121932 -0.0955956 0.13095 -0.118071 -0.155881 -0.199536 -0.133106 -0.0807229 -0.120477 0.0546823 0.10824 0.0328517 -0.0968722 0.0842644 -0.074372 -0.198776 0.128638 0.00447319 -0.138911 0.0666968 0.0190683 0.107849 -0.130818 0.13167 -0.188023 0.0784909 -0.0736238 0.0252973 0.123525 0.0521671 0.0723927 0.0149949 0.162075 0.184962 0.0291752 -0.000110194 -0.00073903 -0.0874546 -0.156439 0.156712 -0.13317 -0.17433 -0.13466 -0.175061 -0.049071 0.139792 -0.151219 0.147225 0.1542 -0.12359 0.152437 -0.0713541 0.0538146 -0.149555 -0.200858 0.115907 0.13301 0.198609 0.137604 -0.0547217 0.0154072 -0.0459678 0.0430984 0.0488762 -0.183616 -0.0614164 -0.0269826 0.122437 0.0508243 -0.0750967 -0.189838 -0.176028 -0.138782 0.14917 0.163045 0.0673067 -0.138638 0.0862406 -0.0576548 0.127223 -0.191084 -0.114909 0.0459682 -0.130707 0.101253 -0.131063 0.0896304 
0.00993351 -0.0635948 -0.0267438 -0.0909571 0.0366395 0.0703953 0.0798855 -0.109271 0.101692 -0.197678 0.0646967 0.101212 -0.0264491 -0.0278394 -0.0113566 0.086093 0.019736 -0.0351774 -0.160219 -0.19966 0.129398 -0.106213 -0.0802296 -0.0257385 0.0240507 0.0503414 0.0957088 0.199214 0.0717833 0.132448 0.135897 -0.173738 0.208206 -0.115876 -0.101894 -0.0238737 -0.0108064 0.179059 0.184272 0.0728156 0.151667 0.155026 0.10085 0.122143 -0.0441607 -0.188835 -0.12859 -0.0934267 -0.110315 0.194515 0.107686 -0.0471381 0.113037 -0.0341792 0.153422 -0.163047 0.0283398 0.184622 -0.114197 0.0604987 -0.109878 0.00997716 -0.158815 -0.121546 -0.149499 -0.0566784 -0.150663 0.0788543 0.00921988 -0.137804 0.0527791 -0.0196007 -0.0460467 -0.198808 -0.0608485 -0.150262 0.0997255 0.0540706 0.10932 0.0653805 -0.189909 -0.163497 0.0252041 0.0715869 0.103406 0.0177123 0.184872 -0.168126 0.101206 0.154934 0.0327171 0.0334671 0.124127 -0.118441 0.0649413 0.031098 0.0997472 -0.185919 0.0684159 0.0551574 
-0.106727 0.196934 0.00159704 -0.0575152 -0.022921 -0.00989985 -0.111555 0.0983464 -0.104451 0.136572 -0.109613 0.168228 -0.0397192 0.00373308 -0.176455 -0.155114 -0.0668291 -0.0941807 0.118327 -0.0356266 -0.0867754 -0.14215 -0.142484 -0.212513 0.0327258 0.119884 0.172488 0.0033107 -0.181374 0.195948 0.170205 -0.0214043 0.148355 0.10691 0.153202 0.190967 -0.138191 -0.0583863 0.0298931 0.115538 0.130923 -0.209511 -0.0106262 0.155606 0.0549733 -0.151776 0.179309 -0.0395753 0.0829505 0.00400529 -0.124577 0.033156 0.0390833 -0.189919 -0.0939782 0.215642 0.157292 0.0772755 0.0252233 -0.0135807 0.0816564 0.155508 -0.0802357 0.191076 -0.194407 -0.039888 -0.162362 -0.0459146 0.0915206 0.174495 0.0232104 0.155302 0.117352 -0.0197505 -0.130024 -0.136728 0.0261695 -0.181011 0.0974785 0.145704 0.192616 -0.0672515 -0.0974767 0.0203298 0.0591504 0.0790542 -0.167803 -0.101511 0.104897 -0.0622842 -0.100621 0.135751 0.147012 0.0341256 -0.0217887 -0.0167852 -0.184769 0.0217378 0.0346468 -0.220074 
-0.0646401 -0.143012 0.151346 0.018767 -0.0354163 0.131526 -0.0890806 0.0911968 0.017777 0.189295 -0.151261 -0.165143 0.073204 -0.146604 0.0753165 -0.192985 -0.012284 0.0408454 0.103296 -0.189706 0.0775708 -0.0717289 0.161672 -0.0146948 0.165558 0.0287417 0.185211 1.03527e-05 0.0521303 -0.110932 -0.0597112 -0.0110821 -0.162178 0.121792 -0.101629 0.166941 -0.0853397 -0.162531 -0.0656727 -0.0456428 -0.0966822 0.0720331 -0.167879 0.169169 0.0269675 0.133175 0.0283673 0.143463 -0.0416659 -0.180245 0.067408 0.177273 -0.142672 -0.020598 0.00941421 0.114408 0.0340803 -0.125561 0.00938463 -0.0474186 0.0118877 0.0205795 -0.153965 -0.116232 -0.0619761 -0.127158 0.0722753 -0.0522004 0.0738811 -0.0833175 -0.114605 0.0202314 -0.00706125 0.0535691 -0.108427 -0.0783306 0.144807 -0.101909 -0.0661271 0.0950657 -0.0677937 0.111044 -0.0649339 0.0590943 0.0147568 -0.173161 -0.082362 -0.117333 -0.0919817 0.146931 0.194294 0.116351 0.175859 0.0812845 0.173365 -0.102856 -0.162827 -0.0259976 0.121101 0.0180622 
-0.0039327 0.191905 0.0119497 0.0962568 -0.023957 0.15655 0.0833787 0.19678 0.0397742 0.0645754 0.151943 0.121492 0.198211 -0.0948582 0.115477 -0.157226 -0.0741017 -0.0927808 0.191721 -0.00731363 0.100987 0.00114684 0.0263084 -0.114338 -0.171258 0.189378 -0.1319 -0.0369601 0.133522 0.114108 0.179071 0.0810848 -0.139254 -0.193887 0.137746 0.101625 0.0474551 -0.101694 0.0866047 -0.0873618 -0.1206 0.188953 -0.0773142 0.0975003 -0.00755702 -0.0714746 -0.150524 0.189925 -0.0428527 -0.0892818 -0.0622938 0.14999 0.196494 -0.120489 0.0379469 -0.0407341 -0.0486171 0.138233 0.169102 -0.0719892 0.0587003 0.0500154 -0.0290837 -0.116916 0.0908836 0.113353 0.0685474 -0.127898 0.0340483 0.186498 -0.0984134 0.063281 0.0260803 -0.0985668 -0.0497234 0.177654 -0.0263892 0.0853248 -0.0945902 0.054606 -0.0135485 0.16398 -0.00398785 -0.0793473 -0.108409 0.142367 -0.121864 0.152601 -0.166619 -0.119011 -0.121457 0.0401204 0.0946652 0.121452 0.084585 -0.15739 0.198068 0.200024 0.161902 0.000899073 
0.0807332 -0.0331763 -0.0034349 -0.0899209 0.206655 -0.166898 0.155425 0.123252 -0.0354436 0.000500214 -0.098979 -0.0230704 -0.109658 -0.115511 -0.0645401 0.109429 -0.167699 -0.0440317 0.174378 0.00560065 -0.0636112 -0.132214 0.134746 0.0369162 0.0065786 0.0307762 0.0873332 -0.0862886 0.11625 -0.0230071 -0.0804518 0.0825683 0.0226198 0.181099 -0.110719 -0.0828115 0.15455 -0.0584166 -0.0389146 0.00526917 0.132556 -0.144039 -0.0621029 0.0844974 0.0219604 0.00507487 0.178899 -0.0220228 -0.205778 0.0548441 0.00892259 0.084563 -0.0954753 -0.00983622 -0.0467192 0.153814 0.175201 -0.0261772 -0.0389306 0.0115456 0.0370822 -0.113295 -0.130934 0.152088 -0.102468 0.0189636 -0.143131 -0.186356 0.0591536 0.116235 -0.0727582 -0.000512998 -0.0951593 0.04257 -0.146136 0.0935723 0.139876 -0.203384 -0.128391 -0.0437076 -0.0320263 0.083254 -0.174044 0.0233372 0.0879137 0.204659 -0.175625 -0.119287 0.163213 -0.0522782 -0.0850191 -0.149258 -0.131161 0.132559 -0.121979 0.0690344 0.164416 -0.0925839 0.134319 -0.00167869 
-0.139169 0.111198 0.0170716 -0.143278 0.150802 0.0783924 0.067092 -0.149417 -0.11072 -0.12735 0.032561 -0.140612 0.175926 -0.129326 0.1676 0.155412 0.13018 0.0446834 0.162374 0.00313191 -0.113832 -0.0802642 0.197 0.147498 -0.158992 -0.0174227 -0.099063 -0.0924855 -0.113704 0.0263699 0.103661 -0.139159 0.0969797 -0.180641 0.175016 0.0596115 -0.195933 -0.105593 0.19713 -0.146028 -0.178591 0.117627 -0.00816543 -0.06013 -0.137245 -0.0242338 0.0107507 -0.178905 -0.0244091 -0.180066 0.155631 0.0424688 -0.149607 0.0908808 0.164932 0.029948 -0.0543992 0.065735 -0.0795147 -0.1834 0.0613914 -0.0984269 -0.0264393 -0.133708 -0.0982811 -0.136854 0.0804454 0.151117 -0.0869855 -0.166926 -0.0220574 -0.184112 -0.14696 -0.0161894 -0.0258206 0.118556 0.116375 -0.178183 -0.0723154 0.0697426 -0.0150482 0.187782 -0.045391 -0.00571189 0.0894859 -0.0525457 -0.158935 0.0251047 0.0507044 0.154629 0.164877 0.1661 -0.0831031 0.0918053 0.191867 0.081494 0.0764587 0.18324 0.110305 -0.0230954 
0.161167 -0.0497271 -0.0694004 -0.0165631 -0.150426 -0.0961839 -0.0513053 -0.037983 0.198901 -0.0935358 0.0213111 -0.110774 -0.0933205 -0.122124 -0.145172 0.123618 -0.141712 0.0512433 0.0737423 0.00735365 0.13671 -0.0162338 0.141095 0.068011 0.0338732 0.00708844 0.0440267 0.141432 -0.0276232 -0.17203 0.116079 -0.0959058 0.133142 0.125149 -0.0241609 0.0236198 -0.0617532 -0.0932911 0.168931 -0.198886 -0.000715566 0.139845 0.0618691 0.0883648 -0.070945 0.0841975 -0.137583 -0.134697 -0.137684 -0.0503252 -0.190349 0.0178587 -0.104399 -0.0539354 -0.17475 0.0602519 0.178001 0.107275 -0.0117275 0.0435455 -0.16031 0.128417 0.16062 -0.0606774 -0.0659737 -0.00960534 -0.0410254 -0.175925 -0.17026 -0.0771388 0.0875149 0.0635975 -0.0277423 -0.150217 -0.119744 0.00215963 -0.147815 0.118014 0.146147 -0.154265 -0.130445 0.00972778 -0.0968374 -0.0339077 0.164264 0.113825 -0.195927 -0.186114 -0.00384743 -0.164461 -0.14031 0.0132719 -0.0309448 0.135578 0.0279719 0.161357 0.205769 0.121224 -0.0338327 -0.154426 
0.0748296 -0.137502 -0.0358203 0.0983453 -0.0399276 0.0503201 -0.126996 0.0790693 -0.048589 0.172636 -0.0169144 -0.0678984 -0.137043 0.0453911 0.149119 0.0627941 0.0117326 0.190655 0.0292381 0.152836 0.0501891 -0.0770084 -0.101181 -0.128856 -0.134237 0.0294871 -0.0751766 -0.162087 0.194909 0.000701452 0.0735123 0.0743252 -0.158396 0.0435056 0.209537 -0.163758 -0.0406656 0.05024 0.150137 -0.00876025 -0.12812 0.134753 0.19561 -0.0579704 0.165285 -0.171227 -0.15131 -0.0657015 0.100035 -0.091942 0.0438978 -0.158576 -0.142592 0.147432 0.07025 -0.136268 0.0775572 0.077489 -0.179279 0.191144 0.0768704 0.129299 0.0899759 -0.104689 0.150183 -0.138959 -0.136868 -0.0573908 0.129661 0.000594553 0.119403 -0.144131 -0.101027 -0.111917 0.163413 -0.126698 -0.128833 0.109363 -0.124371 0.0236503 -0.0377092 0.0595616 -0.142098 0.0480554 0.134218 0.143151 -0.0485933 -0.0380409 -0.041766 -0.193162 0.173354 -0.0792548 0.082103 0.0822149 0.116278 -0.0629289 -0.0896715 -0.156933 -0.168193 -0.012328 
0.128945 -0.0210453 0.198779 0.0837416 -0.111201 0.177427 -0.140028 -0.0713558 -0.106975 0.122813 -0.145487 -0.145337 -0.0519373 0.192822 0.18514 0.146596 0.119847 -0.123024 0.0361386 0.133901 -0.161319 0.125851 -0.0998799 0.0121687 0.139629 -0.0142354 0.0161774 0.125835 -0.143043 0.0454512 -0.0232147 -0.0363037 0.0824921 0.12589 0.0179694 0.0280025 0.0455008 -0.12243 0.0439741 -0.0554847 0.136661 -0.0704281 0.0603109 -0.165085 0.118143 0.0941447 -0.0639944 -0.122089 -0.109769 0.140276 0.0834956 -0.0901112 0.0541852 0.193034 0.167515 0.179141 0.0880369 -0.035424 -0.0518767 0.116965 0.0774445 -0.102609 0.103264 -0.108162 0.0436864 -0.0332995 -0.102796 0.0167355 -0.167123 0.0564815 -0.160979 0.0748001 -0.0777084 -0.1403 0.0864534 -0.11056 -0.0420407 -0.191282 -0.133119 -0.00278745 -0.092576 0.169512 -0.027769 -0.00335311 0.0329472 -0.145207 0.151759 -0.15731 0.0239925 0.158552 -0.0442478 0.196332 -0.101269 -0.124373 0.0693695 0.163625 -0.0933835 0.02612 -0.0833601 -0.0595092 
-0.0454031 -0.0602669 -0.0165898 0.174202 -0.0631513 -0.107163 0.0839006 0.105668 0.154834 -0.177883 0.176803 0.014845 -0.102124 -0.191963 0.178667 -0.0326025 0.178361 -0.0608589 -0.179151 0.020263 0.124008 -0.0928468 -0.0944981 -0.165791 -0.118542 -0.171537 0.0162897 0.135959 -0.119798 -0.140887 0.161151 0.169178 0.00147253 0.0510854 -0.0764074 0.0969938 -0.121368 -0.0245033 0.0886997 0.0993808 -0.103954 0.074728 -0.146974 0.0110466 0.152687 0.0110253 -0.0541484 0.100166 0.0758713 0.134949 0.0922374 -0.144354 -0.0766123 0.167594 0.0374219 -0.136602 0.0860821 -0.0691489 -0.0089816 -0.172039 -0.16253 -0.0244739 0.0388382 -0.0825653 -0.168461 -0.0909093 -0.0740532 0.00672001 0.123564 0.203319 -0.0540155 -0.130712 0.0806471 0.00654256 -0.177518 -0.0123322 0.129708 -0.0436757 0.122033 -0.176379 -0.0567588 0.189881 0.069062 -0.0335036 -0.129378 -0.179314 0.109142 0.154622 0.0645031 0.135096 0.0569516 -0.0386275 0.201055 -0.118333 -0.190533 -0.178466 -0.0764649 0.0484145 0.166001 -0.0540049 
0.138111 0.134229 0.0792248 0.0241253 -0.092038 0.0434975 -0.197432 -0.137297 0.173201 0.109397 -0.130934 0.0663724 0.0883943 0.0614662 0.00866107 -0.15781 -0.0431059 0.188745 -0.063855 -0.0738485 0.128021 -0.145476 -0.114625 0.172654 -0.0970424 -0.190394 0.0337403 0.154335 -0.156056 0.0108124 -0.0130976 -0.0408004 -0.118039 -0.00934967 -0.0829855 0.064882 -0.00606184 0.0805297 0.159137 -0.176081 -0.105998 0.070628 -0.0556674 0.130866 -0.0882427 -0.186405 0.0188161 0.177538 0.0418264 -0.000942037 0.0991023 0.0584316 0.109069 0.0795775 0.052256 0.103803 0.0742878 -0.00910973 0.0213666 0.0517573 0.0900047 -0.214259 -0.0313619 0.0465165 0.18068 -0.228338 0.208644 0.176824 -0.0313738 -0.175059 -0.0325085 -0.0268501 -0.0711068 -0.143283 0.155087 0.0357443 -0.126966 -0.093879 0.200971 -0.127341 -0.207227 0.0361647 -0.0296241 -0.159942 -0.0845903 0.0573973 -0.032257 0.106869 0.0513656 0.151442 0.00773524 0.184939 -0.0368194 0.128445 0.0614455 0.126757 -0.0447691 0.00610584 0.0376263 -0.0832391 
-0.212376 0.112381 -0.0217904 0.145631 0.0158481 -0.0387948 0.156711 -0.0440906 0.0528856 0.156359 0.174236 -0.158324 -0.157864 0.210312 0.0274453 0.0101926 0.228674 0.0632672 -0.0206352 0.105988 -0.0042355 0.0488348 -0.165417 0.116401 -0.007786 0.175433 -0.118493 0.13383 0.0589081 0.00795492 -0.0467395 -0.179267 -0.0841292 0.146288 -0.119393 0.130033 0.0831621 0.00360265 -0.198626 0.0699288 -0.0744213 0.0319741 -0.201957 0.0488383 -0.0802831 0.159851 0.147553 -0.128768 -0.164641 -0.110796 -0.131323 -0.00092591 0.0615251 0.159838 -0.229235 -0.082547 0.222743 0.215743 -0.157593 -0.200594 -0.116803 0.227811 0.201689 -0.054284 -0.0101112 0.0148401 -0.141839 0.0424557 0.170969 0.0290603 -0.0289853 0.0150802 -0.209396 0.0674143 -0.103513 0.156698 0.0258839 0.158058 -0.113692 -0.0289453 -0.00149443 -0.103384 -0.0735769 0.101973 0.0511393 0.191604 -0.0257519 0.100672 0.143509 0.142957 -0.177045 -0.22461 0.195098 -0.0895228 -0.0207273 0.0305894 -0.123978 -0.103665 0.0893395 0.166052 
-0.0968171 0.0379151 0.0580362 -0.0810779 -0.132164 -0.104373 -0.15422 -0.0224631 -0.197841 -0.122545 0.172819 -0.125791 -0.0859579 0.114511 0.00793883 -0.0796863 0.0246368 -0.00415657 0.158958 -0.159035 0.0625571 -0.207601 0.00552011 0.0176293 0.0193756 0.00831113 -0.0465759 0.160137 -0.0120579 0.0832588 -0.156301 -0.117615 0.0311164 0.0698831 -0.149626 -0.0014888 -0.0624838 -0.0275807 -0.199582 0.162579 -0.127093 -0.199647 -0.0800355 -0.211526 -0.156783 -0.107375 0.175966 -0.203982 0.0567959 -0.024746 -0.152865 -0.0251549 -0.184772 0.110005 -0.223641 0.0782524 0.00269384 -0.0773156 0.0247519 0.0116898 -0.00790621 -0.0337607 -0.0239688 0.0342997 -0.00134742 0.205604 0.120894 -0.206163 0.0737034 -0.0544831 0.0509902 0.0810259 -0.164484 -0.221512 -0.155252 0.103826 -0.163939 -0.200997 -0.0271715 0.0471703 0.0893906 -0.0633416 0.0854092 0.086615 0.0288244 0.0985542 0.138074 -0.222133 0.0913941 -0.0969896 0.0832413 0.00290385 0.0155673 0.198577 0.0123273 -0.00740909 -0.100917 0.0205593 0.113529 -0.213765 
-0.183072 0.205378 0.180502 -0.214185 0.189571 -0.0549229 0.0559506 0.182362 -0.210353 0.137133 0.0888365 0.0142571 -0.0702565 -0.0290772 -0.170727 0.209497 -0.0881635 -0.000981974 -0.0514205 0.0157897 0.173442 -0.193974 -0.024731 0.119968 -0.0825345 -0.124517 0.0714545 -0.162764 0.136968 0.156297 -0.0490172 -0.159439 -0.0792157 -0.156791 -0.200973 0.0953927 -0.020122 -0.0981109 0.14332 -0.0789173 -0.0758104 -0.182395 0.0905164 -0.13346 -0.208362 0.0560858 0.0948015 -0.0603537 0.0439596 -0.090448 0.00876109 -0.00460262 -0.0573496 0.0912024 0.00715174 0.0183239 0.0205384 0.0288523 -0.157454 0.146529 -0.187243 -0.0386516 0.0808523 -0.171816 -0.0227049 0.0189477 -0.0886483 -0.136826 -0.00892603 0.0831378 0.203018 0.185603 0.0870071 0.0771933 0.1583 0.141531 0.107736 0.164118 -0.0326522 -0.0878871 -0.0639071 -0.213906 -0.062731 0.181927 0.0847427 0.0919392 -0.103481 -0.0997212 -0.128887 0.0371076 0.0235343 -0.133902 -0.157674 -0.0630742 -0.0901466 -0.11298 -0.176172 0.0609759 0.211318 -0.0422935 
0.105165 -0.000112341 0.0281079 -0.107756 -0.20017 0.0361363 0.163288 -0.184415 -0.032979 0.153693 0.124506 0.138326 0.108204 0.069216 -0.0475006 0.021487 0.068202 0.0710263 0.0478483 -0.0589309 -0.101466 -0.117965 -0.0464174 -0.0602807 0.0705026 -0.106037 0.0124871 0.068542 -0.188208 -0.205406 0.0758469 -0.158944 -0.109269 0.121408 -0.0932837 -0.0714503 -0.0854832 0.149719 -0.106117 -0.149295 -0.061487 -0.139255 -0.111817 -0.167095 -0.174778 0.115347 -0.0976011 0.02214 -0.0328574 -0.0123744 -0.0127857 -0.0106591 0.0606767 0.109113 0.193549 0.18555 -0.136514 0.065053 -0.0597593 -0.111768 -0.168715 0.135448 -0.0915527 0.0192289 0.0918477 -0.0920743 -0.0276804 0.00328758 0.100023 0.183349 -0.185142 -0.0690301 -0.164808 0.0520991 -0.0740273 0.0564161 -0.188877 0.209259 -0.0774323 -0.117025 -0.0906266 0.167485 0.0245819 0.0647237 0.170191 0.137788 -0.180151 -0.156925 0.0417948 -0.00521342 0.125698 0.116749 -0.0976692 0.0233144 0.117574 0.193565 -0.0362147 -0.0111002 -0.15145 0.141731 
-0.0977103 0.165934 0.187168 0.0299414 -0.102265 0.145398 0.0611032 -0.011325 0.0522515 0.00433118 0.00316885 0.122437 -0.212078 0.115979 -0.189521 0.197423 -0.17984 0.10434 -0.0618107 0.153834 -0.176774 0.00931588 -0.202573 -0.0517628 0.164057 0.199305 0.0854124 0.0501827 -0.10283 -0.0617847 0.00690082 0.0182821 0.0466015 -0.0586162 0.169137 0.140882 0.166379 -0.18064 0.184986 0.112469 -0.105727 -0.0534333 0.176112 0.0330983 0.180816 0.164168 -0.0380755 0.0266008 -0.160255 -0.0649 0.200098 -0.0192101 -0.2043 -0.169291 -0.0254609 0.0235532 -0.114819 0.087693 0.065359 0.131846 -0.202175 -0.0269859 -0.0483674 0.0770271 0.105309 0.150514 -0.103989 -0.135869 0.0915009 -0.08794 0.116899 0.15416 -0.175292 0.0810483 -0.203153 -0.0801119 0.171871 -0.0208438 0.109801 -0.0478797 0.0869409 0.155507 0.190574 0.0738493 -0.0621322 -0.154371 0.0812743 0.0938879 -0.116146 0.130819 0.17695 0.169944 0.166042 0.13697 0.0791257 -0.100598 -0.0507625 0.149625 -0.109342 -0.152954 
0.122671 -0.121326 -0.00104855 0.0702138 -0.167142 0.184212 -0.183949 -0.128868 0.0839881 0.193918 -0.134208 0.0684063 0.14914 0.0877554 0.172445 -0.137756 -0.0712296 0.137983 -0.0440736 0.0580445 0.0104143 0.141568 0.186369 0.201052 0.100284 -0.0603708 0.164293 -0.0732408 -0.120127 -0.199555 -0.0322043 0.104406 0.14406 -0.0741036 0.0254796 -0.134343 -0.0516726 0.167765 -0.0646908 -0.041451 0.098267 -0.0320694 -0.111556 -0.142833 0.149743 0.164388 0.0595227 -0.157062 -0.137039 -0.121891 -0.0592179 0.114877 0.182363 -0.0441458 -0.0577089 -0.21191 -0.234943 -0.0220356 0.198367 -0.089683 0.175353 -0.131881 0.0307234 -0.097485 -0.00216333 -0.0849672 0.204597 -0.121051 0.139735 -0.186936 -0.0358363 -0.0274653 0.217842 -0.141531 0.208959 -0.175852 -0.12442 -0.142776 0.217474 -0.158506 -0.125414 -0.0230525 0.0469861 0.00131273 0.160767 -0.0864554 -0.066387 0.182282 -0.119737 -0.219997 -0.0374163 0.133517 -0.0761725 -0.100697 -0.161474 0.180102 -0.019384 -0.230061 -0.0205402 0.203209 
0.114007 -0.0115724 -0.0169204 -0.194085 0.00213294 -0.00539889 0.08395 -0.0485392 -0.0846507 0.172819 -0.0996096 -0.139019 0.20194 0.0698938 0.0130378 0.0632305 -0.186678 -0.0294926 -0.0427648 0.149933 -0.157576 -0.00335685 0.0365324 -0.0467118 0.164326 0.187235 -0.0610672 0.189469 -0.13311 0.187814 -0.038607 -0.0130309 -0.175822 -0.106278 -0.053427 -0.123917 0.122921 -0.0719898 -0.0718966 0.0119867 0.121182 0.0982471 -0.0328965 0.0428529 0.0503788 0.0377304 0.00199153 -0.139031 0.141538 -0.0931159 -0.0195445 -0.124767 -0.0661888 0.129993 -0.0700665 -0.156412 -0.177979 0.174476 -0.0880306 0.136182 -0.0074984 -0.0192383 0.0124405 -0.110018 0.195928 -0.0623763 0.195768 -0.0512544 0.0931759 -0.140644 -0.095806 0.128978 0.117901 -0.0331407 0.191645 -0.0835815 -0.00699956 -0.152544 0.121147 0.175778 0.0559817 -0.161167 -0.0488364 -0.0438225 0.0880119 0.0751521 0.19565 -0.162871 0.0875172 0.192277 0.174864 -0.116132 0.0514077 0.175076 0.134043 0.083757 0.120669 -0.00990596 0.0332742 0.072697 
0.028976 -0.0908224 -0.1743 -0.0815302 0.0369079 -0.0545286 0.0846398 0.136737 0.155138 -0.128282 -0.0183308 0.0120249 -0.0626239 0.143456 0.107649 -0.170238 0.0450487 0.147239 0.0436264 -0.0995212 0.0654085 -0.0733165 0.0528464 -0.0258974 0.138549 -0.0419647 -0.00366885 -0.0012011 -0.00678149 -0.0565419 -0.181871 0.104357 -0.114146 0.0240617 -0.0726955 0.0863505 0.00742547 -0.0997672 0.144436 0.0167485 0.00814679 0.162506 -0.153177 -0.114061 -0.139022 -0.209049 -0.0431944 0.108232 -0.111757 0.0868213 -0.0699671 0.0282142 0.122435 0.150055 -0.0397388 0.126716 -0.115018 0.0618844 0.0930038 0.0575127 -0.0602105 -0.0472226 -0.0231145 0.208291 0.168156 -0.0158732 -0.054613 -0.128859 -0.154953 0.0256293 0.19711 0.0319805 0.0456921 0.139925 0.145537 0.113272 0.10957 0.0376294 -0.0764396 -0.198001 0.010201 -0.10689 0.0688405 -0.0619571 -0.00168897 0.0684513 0.0695103 0.0515642 -0.0400049 0.103121 -0.00802708 0.0157022 0.104786 0.0501855 -0.0893102 -0.0266526 0.126565 0.182181 0.0262464 -0.0804639 
0.114368 0.030009 -0.05355 -0.0973947 -0.141296 0.0907095 -0.0839159 -0.0606976 -0.000762869 0.158278 -0.0878602 0.0955473 0.223454 0.159978 0.0820255 -0.107153 0.0789726 -0.0620444 0.0420485 -0.115203 -0.0614913 0.156991 -0.051107 0.0342378 -0.179072 0.0180588 -0.0961357 -0.109981 0.0766957 -0.123597 0.230947 -0.126365 0.00274537 0.149056 0.0847211 -0.137094 0.0889823 -0.0803632 0.216528 -0.140627 0.0790424 0.0920852 -0.0156095 0.10674 -0.0774397 -0.141176 0.185494 0.206784 0.155566 -0.177956 -0.136612 -0.02071 -0.125482 0.111918 0.11872 -0.222766 0.0427557 0.163357 0.101923 0.18 0.103264 -0.0728489 -0.0153054 0.0381385 0.00981265 -0.186039 -0.00553042 0.100645 -0.0593585 0.0872092 -0.185386 -0.0971306 0.105709 0.187754 -0.0481263 -0.0140271 0.0199562 -0.0837428 -0.114561 0.131907 0.160834 0.202399 0.0222608 0.0662907 0.00747937 0.12843 -0.0131728 0.200614 0.14415 0.160777 -0.0474098 0.188174 0.0882991 -0.116257 0.0713823 0.0293026 -0.011768 0.132256 0.0732341 0.165405 
0.0361107 -0.118014 0.193843 0.123497 0.0297324 -0.0623653 -0.088588 -0.213581 0.0225276 0.00413209 0.0927677 -0.156032 0.0941293 0.110384 -0.15027 -0.0172864 -0.127926 -0.0908302 0.10053 0.127969 -0.0278286 -0.076334 -0.0858186 0.12383 0.187545 -0.0224322 0.0494366 0.0848089 -0.166115 0.0193729 0.0969619 0.111633 0.0145288 -0.147835 -0.0459034 0.184902 0.0111993 0.0254206 -0.114362 -0.0981464 -0.167695 -0.0392726 -0.152212 -0.14252 0.0749614 0.0234516 0.0685365 -0.155788 -0.108025 0.0315856 -0.0118827 -0.171936 0.198498 0.108502 -0.0434806 0.133265 -0.00697595 -0.16813 0.0407098 0.117656 0.0792315 0.112021 -0.115569 -0.212076 0.0838655 0.0970486 0.111672 -0.112833 0.194611 0.129053 -0.123277 -0.0910404 -0.106975 0.17588 -0.0900323 -0.0831651 0.198347 0.0556989 -0.148323 -0.0633384 0.000115048 -0.0584646 0.143469 -0.102972 0.0073783 -0.18527 0.00399109 0.0628742 0.178573 0.125705 0.0755887 -0.0936593 0.0908962 -0.11391 -0.0941175 0.192221 -0.146771 -0.169337 0.130086 -0.195096 
-0.0575562 -0.0812157 0.175579 -0.135985 -0.000117682 -0.105901 0.047302 -0.038451 0.043301 -0.130655 0.0827683 -0.0381542 -0.126867 -0.130002 -0.0320925 -0.12393 0.13166 0.105864 -0.0951292 0.185042 -0.0378255 -0.122707 0.0946703 0.0559278 0.155527 0.134085 -0.0678852 0.0170335 0.0679411 -0.0432122 0.157492 -0.0802492 0.037938 -0.156282 0.127002 0.0263338 -0.00805099 0.190034 -0.0608007 -0.0964689 0.0442383 0.185147 0.174768 -0.0304477 0.163343 -0.167884 -0.169286 -0.0416209 0.00779739 0.129937 -0.0565807 -0.211946 0.13543 0.17648 0.125757 0.140393 -0.155295 -0.193876 -0.0383026 0.0744029 0.0574402 0.0859419 -0.0986322 -0.10143 0.217595 -0.0934599 0.0696985 0.0267105 0.0263272 0.0758469 0.163887 -0.170651 -0.15506 -0.148887 0.100744 -0.155266 -0.00625011 -0.0990532 -0.0892274 0.172747 -0.135545 -0.0699139 0.219282 0.126263 -0.0573039 0.043189 -0.00808921 -0.13165 -0.09729 -0.212532 0.113142 0.168979 0.153068 0.171714 0.0975109 0.124729 0.0622075 0.122298 0.00717321 -0.0345274 
-0.0946621 -0.133319 0.0759307 0.0857142 -0.148503 -0.0573598 0.0529088 0.15755 0.0170138 -0.15633 0.16966 0.168277 -0.134049 -0.0984694 0.17847 0.0916573 0.111716 -0.128585 0.0791573 0.0989688 -0.0354246 -0.0339057 0.160146 -0.100834 0.0434293 0.100948 -0.158257 -0.000129915 -0.186624 0.0355849 0.0207662 -0.100087 -0.0040817 0.00987355 0.0290289 0.0773726 0.0531507 -0.121727 0.0886615 0.0872906 0.169294 0.0741446 0.0014551 -0.190815 0.00576037 0.0326364 0.125782 0.142206 0.109849 -0.0107472 -0.0800079 -0.16054 0.0389318 -0.192029 0.129355 0.131706 -0.072474 -0.0753223 -0.197832 -0.0620634 -0.0556297 -0.0245384 0.0810665 0.195926 -0.152527 0.00228298 -0.0537667 0.121192 0.201688 0.00649567 0.16484 0.151846 -0.17029 0.0402302 0.00478517 -0.0959466 0.167916 -0.176885 0.0116532 -0.168003 -0.175082 0.0729799 0.0711546 -4.11812e-06 0.0749153 -0.0526653 0.0779118 0.135385 -0.124193 0.0920939 0.114573 -0.080459 0.0250639 0.182712 0.162041 0.0562136 0.0847768 -0.12513 0.195035 0.129689 
0.166642 -0.0565882 0.108139 -0.129732 -0.177331 -0.164922 0.19966 -0.18285 0.175244 -0.0255799 -0.158991 0.0945576 -0.0224877 0.0967925 -0.0499574 -0.119556 -0.0333211 -0.102323 0.0433683 -0.081909 0.0291729 -0.0589396 -0.016767 0.1833 0.174438 0.0170068 -0.0419732 0.10752 -0.0562712 -0.146844 -0.0523636 -0.076259 -0.0317809 -0.0931664 0.0435317 0.175998 0.188953 0.124597 0.0416319 -0.126332 0.111182 -0.139871 0.0319561 -0.0971221 -0.134789 0.185129 -0.122673 0.110693 -0.14778 -0.199677 -0.018606 0.0380269 0.115311 -0.170835 0.102636 -0.112285 -0.0814567 -0.0652537 0.0951881 -0.0911899 0.192766 -0.133097 0.101868 -0.193031 0.0460986 0.06566 -0.0568288 0.201501 0.0130282 -0.123764 -0.103302 -0.1535 -0.11408 0.0585273 -0.0549064 -0.11423 -0.11157 0.0806784 -0.0868843 0.0082966 0.17936 -0.105616 -0.0829149 0.056326 0.100757 -0.0772313 0.129724 0.0252049 -0.194436 -0.184147 0.130974 -0.0808313 0.0901396 -0.0490293 -0.0548433 0.0496548 0.13005 -0.104884 -0.0963887 0.189838 
0.0128567 0.0365256 -0.0113369 -0.00154728 -0.0147578 0.0113706 -0.00863712 -0.00534565 0.00571125 0.00592123 0.0164279 0.00515526 0.0017223 0.0195139 -0.0224451 -0.00975413 -0.00396643 -0.00258883 -0.016728 0.00221057 -0.016495 -0.000414494 -0.0160172 -0.010439 0.000226972 -0.000473994 -0.000327187 0.0324489 0.0023122 0.00933749 0.0187724 3.20834e-05 9.76205e-05 -0.0104311 9.11072e-05 0.00680771 -0.0348214 0.0339326 0.0220965 0.0270983 -0.00215913 0.00884125 -0.0253315 3.57883e-05 0.000479133 -0.0126314 -0.00147758 -0.0251437 0.00271009 0.00450378 
-0.163856 -0.567652 0.154077 0.299326 0.228288 -0.387044 0.400319 0.322552 -0.167751 -0.336118 -0.268076 -0.1843 -0.212757 -0.368293 0.329941 0.358691 0.337627 0.288817 0.268139 -0.226697 0.348582 0.116991 0.233223 0.305964 0.0847122 -0.022975 0.17086 -0.494884 -0.0956976 -0.195344 -0.334846 -0.00496951 0.263298 0.155266 0.00195294 -0.148249 0.464739 -0.611705 -0.608002 -0.442595 0.177239 -0.248074 0.670307 0.0529984 -0.177804 0.403648 0.170104 0.469511 -0.067764 -0.00156035 
0.0274349 
