3
59 35 6 
2
94266.6
-0.965356 -0.125629 0.66541 -0.434959 0.04519 -0.632591 0.499914 0.410451 -0.106009 -0.0364833 -0.203943 -0.0115833 0.796266 -0.349242 -0.189296 1.07074 -1.08164 0.959237 0.447322 -0.62072 -0.0540163 -0.269428 -0.273826 -0.247291 0.684262 0.420095 -1.26489 0.18207 0.450777 -0.387991 -0.0994449 -0.544207 0.407902 -0.630946 -0.0720293 0.496937 0.805598 -0.259392 0.108001 -0.426655 0.218715 -0.572393 0.59807 0.499464 1.11221 -1.14009 0.393297 -0.759109 -0.620963 -0.594206 -0.340954 0.80168 -0.103283 0.308893 -0.0450682 0.0161885 -0.437384 -0.410143 -0.8681 
0.746428 -0.0281436 0.111994 0.940849 0.633951 -0.476972 0.00549768 -0.559768 0.315667 -0.238397 1.03053 0.192645 -0.614462 0.598575 0.634618 0.180647 0.622243 0.184366 -0.145683 -0.450127 0.4325 0.238226 -0.217387 0.673234 -0.0520662 0.330782 0.834121 0.156335 0.661728 0.171739 -1.14786 0.672773 -0.0748197 0.644094 0.923334 0.0458582 -1.09182 -0.104122 0.148346 -0.0307478 0.305013 -0.176969 0.601195 0.520631 0.55516 -0.188841 -0.776245 -0.21843 0.342425 0.520783 -0.37887 -0.0143066 -0.133187 0.391853 0.613191 0.700076 0.541677 -0.275049 -0.0192941 
-1.1147 -0.705208 -0.426081 0.700624 0.0306778 0.189244 0.356449 0.557063 -0.183577 -0.512662 -0.182129 -0.655153 0.282192 0.128183 -0.762939 -0.536603 0.270508 0.88755 0.0383342 -0.120287 0.491666 0.256798 -0.257984 0.0310771 0.0464218 0.90284 -0.0751669 0.250635 0.188971 -0.264717 0.341093 0.247138 0.134388 0.262561 0.290877 -0.0343741 -0.799771 -0.267319 -0.20964 0.117098 -0.00993949 0.106597 0.419808 0.516157 0.218501 0.666531 0.328348 -1.03636 -0.730374 -0.905086 0.183656 0.403748 0.033446 -0.694469 0.391204 -0.269666 -0.0865782 -0.417692 -0.247231 
-1.31737 -0.128882 0.294892 -0.0633997 0.11503 -0.431261 -0.489257 -0.640322 -0.644688 0.0383182 -0.215492 -0.41284 0.0191248 0.429664 0.332971 0.719882 0.233713 0.120893 -0.482563 0.0147981 0.606304 0.282692 0.163674 0.74797 0.540366 0.168367 -0.336901 -0.199417 -0.0384596 0.129995 0.561251 -0.0922245 -0.327459 0.734438 0.0656327 -0.10954 0.496354 -0.00177287 0.25303 -0.14264 0.541012 0.187908 -0.721245 -0.499431 0.609864 0.732127 0.543053 0.074364 -0.925779 0.10391 -0.0493388 0.385191 0.615676 0.716843 -0.339741 -0.374157 0.107839 -0.36972 -1.41248 
0.0094741 -0.636327 -0.162099 -0.22284 -0.0175807 -0.44866 0.169043 0.739405 0.627965 0.204425 -0.6938 0.170525 -0.201444 0.256763 -1.02401 -0.552644 0.159489 -0.00401615 -0.73443 -0.263899 -0.0954721 0.55238 -0.129688 1.30688 0.400451 0.529777 0.582933 -0.691548 -0.507171 0.906842 -0.453108 -0.798123 -0.260148 0.197683 -0.215605 0.156169 0.255858 -0.0749606 -0.325963 0.418159 0.622305 -0.158712 -0.30592 -0.47688 -1.00158 -1.40825 -0.330493 -0.591289 -0.35535 -0.38949 0.286972 -0.16043 -0.122712 0.391324 0.0532979 0.763031 -1.07569 -0.530864 -0.359618 
0.0436712 0.372555 0.315426 0.575792 0.368863 -0.393246 -0.436127 0.230756 -1.30954 -0.392476 -0.3562 -0.0543185 -0.2467 -0.197874 0.20227 0.147119 -0.960519 -0.848579 0.150419 0.614941 0.371636 -0.0935821 -0.439713 0.558283 -0.389558 -0.312779 -0.406465 0.165979 -0.547235 1.04168 0.182162 -0.0116917 -0.5141 -0.400028 0.362817 0.855205 -0.32581 0.0648269 0.4589 -0.186253 -0.486151 0.488601 0.948612 0.476185 0.725393 0.423075 -0.374108 -0.504149 -0.0373652 0.604369 -0.753233 -0.137411 0.156758 0.37662 -0.443958 -0.0362695 1.53651 0.671646 -0.00878465 
-0.567698 0.72961 -1.12394 0.419097 1.1171 -0.0588553 0.0628858 -0.674191 -0.14377 -0.0147826 -0.456421 0.408891 -0.0725808 -0.325543 -0.449626 0.077613 -0.345961 -0.0247043 -0.240803 -0.493124 0.951337 -0.740044 1.10371 0.396964 -0.0514156 -0.344414 -0.73865 0.0179027 0.484077 -0.217311 0.433071 -0.346179 -0.728081 0.161421 -0.268882 -1.175 -0.0304467 -0.480186 0.175498 0.607041 -0.119889 -0.609809 0.851769 0.669916 -0.0292319 -0.295502 -0.509119 0.955551 0.440231 0.168314 0.212043 -0.134145 -0.349616 0.538458 -0.306373 0.291996 -0.00984935 -0.954654 -0.643672 
-0.22976 -0.819034 0.0303201 -0.399475 0.0871545 -0.28487 0.420703 0.15776 -0.782727 -0.841337 0.320032 -1.03771 0.247986 -0.759692 0.106798 -0.0877964 -0.320793 -0.26072 0.759013 0.233468 -0.519209 0.784595 0.234875 0.1138 0.62364 -0.729012 0.160289 0.285338 -0.01839 0.129468 0.338005 -0.487929 -0.577437 0.0812848 -0.59131 1.49521 -0.181214 0.18689 0.30079 -0.481118 -0.285648 -0.132119 0.0254971 0.0993031 -0.264477 -0.340846 0.16107 0.467395 0.843793 0.749043 -0.355145 -0.426468 -0.620236 0.905227 -0.299086 0.607695 0.210313 0.415711 0.433245 
0.909301 -0.445107 1.22478 0.314091 0.435453 0.343571 -0.872198 0.351275 0.704594 0.298378 0.408925 0.708535 0.489079 -0.35556 -0.563611 0.109219 -0.181116 -0.586236 -0.273663 0.388544 0.568001 -0.116609 -0.258673 -0.0951147 -0.361156 0.0384493 0.828414 0.229478 0.135013 -0.0569514 0.118373 -1.257 -0.42886 -0.757065 0.336761 0.594424 0.628334 -1.04356 0.58345 0.469242 -0.161679 -0.290798 -0.258088 -0.364215 0.424639 0.204528 -0.296057 -0.111028 0.236279 0.429486 -0.312653 -0.38766 -1.36161 0.277263 0.575572 0.0456287 0.683162 -0.211574 0.45083 
0.114602 0.124896 -0.00584638 0.183876 0.103665 0.177517 -0.382937 0.223652 -0.44141 -0.654629 0.488437 -0.323781 0.83836 0.92244 -0.202854 0.391518 0.383456 0.210676 -0.444547 -0.375915 -0.247483 -0.137201 -0.384919 0.131587 0.0336392 -0.0251725 0.169711 0.310762 -0.231425 -0.158786 0.0925096 0.0123917 -0.299936 -0.263151 0.122195 -0.44332 0.498394 -0.113388 0.163105 0.0440415 0.270805 -0.282735 0.629839 0.265572 -1.06837 0.363191 0.601659 0.353087 -0.836661 0.833804 -0.265823 -0.770565 0.237591 1.04488 -0.371687 0.14567 -0.0483925 -1.09491 -0.311764 
0.328663 0.169355 -0.0763968 0.271213 -0.441215 0.157626 -0.403327 -0.312085 0.168104 -0.687958 0.190663 0.19059 -0.291563 -0.60467 -0.526538 -0.470953 0.668173 -0.0662333 -0.321434 -0.541431 -0.0349751 1.09781 -0.431041 -0.135361 -0.0652096 -0.230472 -0.114648 0.563446 0.591077 -1.46425 -0.568263 -0.579511 -0.617358 -0.253886 0.0644084 0.145863 0.913053 -0.140109 0.733307 -0.912625 -0.0106961 -0.382952 0.666113 0.90716 -0.46518 0.554994 0.139937 -0.267905 -0.500071 -0.452605 0.36084 -0.278161 -0.218221 -0.416288 0.473841 -0.00154463 0.0350302 0.687717 -0.156218 
0.422219 0.741999 -0.824741 -0.018824 0.649187 -0.771414 -0.597299 -0.893439 -0.926605 -0.217443 -0.397941 0.436694 0.150399 0.56598 -0.0741083 -1.16438 -0.0785121 1.19365 0.176487 1.17892 0.402693 -1.01201 -0.0783071 -0.312794 0.154206 -0.228053 0.195826 -0.148616 0.323024 -0.433558 0.371507 0.133353 0.50614 0.0690852 -1.30755 -0.268205 0.234357 0.17379 -0.0187628 0.224289 -0.0764415 0.127667 0.435211 -0.855004 0.552688 0.143087 1.15631 -0.838958 -0.243235 0.488871 0.208224 0.900263 -0.0562248 0.277279 -0.850923 -0.4663 0.471512 -0.0149181 -1.03554 
0.400339 0.749579 -0.346616 -0.10872 -1.30922 -1.002 0.818287 0.229769 0.056802 -0.126438 -0.424074 0.649539 -0.366183 -0.0727167 -0.575383 -0.744468 -0.425151 -0.564649 0.293265 0.137018 0.776713 0.282262 -0.467658 -0.114875 0.600881 -0.770168 0.956624 -0.0403871 -0.756059 -0.412272 -0.352459 0.576372 -0.0224035 -0.157313 0.395165 0.0729696 -0.108845 -0.237004 0.752209 -0.179975 0.0390956 0.13608 -0.0524943 -0.484887 -0.27939 -0.532834 0.208136 0.0873711 -0.250668 -0.0397884 -0.324456 0.320153 1.23234 0.439262 1.25296 0.214224 -0.0619828 0.486611 -0.0491376 
0.0488084 0.793804 -0.00181655 -0.754546 -0.107453 -0.965204 0.166982 0.443788 0.409885 -0.451121 -0.308686 0.875249 -0.0553297 -0.953158 0.356889 0.712943 0.292037 0.792993 -0.443461 -0.38226 -0.010213 -0.312548 -0.0582569 -0.207882 0.428843 0.290359 0.137002 -1.82163 -0.406673 0.621391 0.00163373 -0.407201 0.229595 -0.0874242 -1.12902 -0.0233622 -0.186398 0.161059 -0.182224 -0.0427442 -0.319228 -0.238758 -0.767682 -0.00806502 -0.163205 0.53324 0.356542 -1.11809 0.163931 -0.491659 -0.0536131 -0.294077 -1.07712 0.549383 0.239001 -0.0682946 0.153088 0.130153 -0.36722 
-0.299204 0.200443 0.599847 -0.117572 -0.585216 -0.226672 0.23305 -0.651972 -0.118871 0.735638 -0.183198 -0.288893 0.301226 0.311096 -0.129823 -0.196209 -0.183311 -0.412301 -0.154914 0.529452 -0.433353 0.72826 -0.126043 -0.48738 -0.585715 -0.935718 1.0728 0.181953 0.220391 0.551117 0.246532 -0.541921 0.357419 0.104287 0.188191 -0.727551 -0.423854 1.01423 -0.235063 0.312157 -0.125005 -0.147311 -1.06472 0.130953 0.879098 0.125581 -0.0350933 0.0480114 -0.0506065 -0.129274 0.813089 -0.370151 0.264786 -0.931954 -0.256585 -1.08013 -0.0698159 -0.0750902 0.155611 
-0.0338402 -0.283072 0.119296 0.242872 0.448478 -0.331911 0.174571 0.0117397 -1.55277 -0.349233 -0.236808 -0.138224 0.23414 -0.213868 -0.393475 0.131628 0.0480834 -0.194596 0.105924 0.730902 -0.312445 0.320074 -0.387712 -1.11768 0.304057 -1.06189 1.15852 0.920047 -0.0914091 0.652424 1.00142 -0.496623 0.0937996 -0.136621 0.14164 0.80064 -0.353845 0.50576 -0.77939 -0.477213 0.0507274 0.939931 -0.1516 -0.270334 0.698454 -0.290464 -0.919542 0.527574 0.70535 -0.644822 0.151708 0.118405 0.440003 0.123101 0.617483 0.429946 -0.287565 -0.916468 -0.524537 
-0.293395 -0.306172 -0.170987 -0.354097 -0.352176 0.512723 -0.59249 -0.518113 0.330736 0.240089 -0.495764 0.200296 0.148747 0.576437 0.312025 0.179435 0.739015 -0.554958 -0.780128 0.0144743 -0.475358 0.805274 -0.217437 0.387322 0.383914 -0.242565 -0.599717 0.555006 -0.0657564 0.0197322 0.0492089 0.286053 0.27191 0.538173 -0.298238 0.0211382 0.768612 0.394599 -0.754472 0.0300517 -0.384815 0.52381 -0.146448 0.29811 -0.453082 -0.80022 -0.371207 -0.122356 0.528307 0.140735 0.0522483 -0.0368422 0.348206 0.419883 0.096218 -0.433465 0.501831 -0.298896 0.405966 
0.780347 0.377086 0.045398 0.574034 -0.460464 0.743844 -0.600769 -0.0385032 -0.131976 0.242257 -0.0569568 -0.373364 0.271006 0.115978 -0.139656 -0.229684 0.0541774 0.681367 0.830391 -0.0132098 -0.546279 -1.21711 -0.00743131 1.04962 0.200381 0.194662 0.783727 0.429771 -0.143942 -0.142813 -0.0873258 -0.261126 -0.328558 0.0600935 -0.397698 0.625297 -0.790318 0.392705 0.0405266 0.401382 0.32121 0.0751323 0.287061 -0.347854 -0.032407 -0.84042 0.681806 -0.794097 -0.500039 -0.152787 0.574235 -0.361856 0.756819 -0.153392 -0.0186561 0.198853 -0.89339 -0.86472 0.216143 
-0.336861 0.771955 -0.116806 0.880389 -0.501686 0.0498447 0.235926 1.68328 0.687539 -0.884288 -0.472928 0.24618 0.0168813 0.22039 -0.221104 0.243174 0.284537 -1.31232 -0.429596 -0.292408 0.692679 -0.593953 0.594182 0.17676 -0.536976 0.427289 0.43333 -0.762635 0.753835 0.25823 0.558182 1.17855 -0.385308 0.568625 -0.19158 -0.0679608 -0.522246 -0.466327 0.574624 0.528109 -1.08674 0.842567 -0.0355639 -0.104739 0.267192 0.513808 0.311781 -0.0050404 0.344281 -0.479868 -0.740463 0.291069 -0.538136 0.530677 -0.543474 -1.06938 0.415691 -0.19306 0.36083 
0.242628 -1.24158 0.198512 -0.382781 0.216764 -0.151141 -0.413926 1.258 0.878935 0.194721 0.0676247 0.83484 0.352921 -1.12916 -0.607671 0.0204242 -0.0382887 0.133116 0.119505 0.0598916 0.70344 -0.299641 -0.649765 0.407578 1.20148 1.19911 0.082019 0.00953531 0.192 -0.284273 -0.307191 0.307234 0.0879032 0.13059 -0.0516091 0.813256 0.0012692 -0.227818 0.236751 0.126241 -0.220767 -0.576372 -0.712257 0.103072 -0.311217 -0.435787 -0.33473 0.199382 -0.287546 0.176713 -0.374128 -0.934578 0.796101 -0.511771 -0.608934 0.560316 0.714693 -0.531043 -0.62728 
-0.163389 0.448367 -0.472765 -0.602757 1.09233 0.13656 0.270704 -0.178974 0.0884649 0.403942 0.124068 -0.345894 0.347139 -0.12616 0.103111 0.2734 -0.206041 -0.292714 -1.26023 -0.0483708 -0.232316 -0.932985 -0.719474 -0.220637 -0.741442 0.334065 0.416052 -0.183491 0.0727793 0.114598 0.0648963 -0.56755 -0.159443 -0.222749 -0.363022 -0.0452585 0.377571 0.329451 -0.101317 0.201153 -0.900408 1.0612 -0.494654 0.0917513 -0.757039 0.257311 -0.978762 -0.0500037 0.874772 -0.326065 0.146642 0.0560543 -0.245254 -0.202198 0.10394 -0.317797 -0.00931592 -0.244356 0.269992 
-0.172122 -0.0588583 0.110259 -1.05481 0.71968 0.408438 -0.0307093 -0.319227 0.241097 0.86792 -0.595177 0.0696398 0.435716 0.0506749 -0.430411 0.284421 -0.00614715 0.0676446 -0.75764 -0.72292 -0.12643 -0.597443 -0.750007 0.323644 -0.291206 0.445705 0.841226 -0.883119 0.465857 0.073277 1.03363 0.64897 0.439201 -0.105974 -0.133669 -0.358136 -0.00161515 0.314459 -0.0409635 1.40243 0.427497 0.256653 -0.956452 -0.307622 -0.93281 -0.179158 -0.511243 0.295625 -0.765277 -0.286789 0.0265437 -0.250847 0.673768 0.437856 0.558321 0.78326 -0.45134 -0.721995 -0.424472 
0.156839 0.423956 -0.681989 0.139103 -0.204256 -1.24456 0.550542 -0.550769 0.531156 -0.260795 0.529096 0.350275 -1.03726 -0.35679 0.0847245 0.0608507 -0.292857 0.41209 0.0260306 -0.663091 -0.382039 0.564776 0.262352 0.427432 -0.315437 -0.561394 -0.193782 0.592413 -0.809222 0.716513 0.134049 -0.0325924 -0.256484 0.510872 -0.520596 -0.26144 -0.0112171 -0.66204 -0.485289 -0.404863 -0.375626 -0.517826 0.127372 -0.00811469 0.253158 -0.0221646 -0.329857 -0.0401608 0.26477 -0.879358 0.420211 -0.264147 -0.00931199 0.286314 -0.233687 -0.0672965 0.031852 0.275516 0.838775 
-0.0586604 -0.26077 0.504165 -0.765231 -0.0887091 -0.14565 0.405171 -0.742504 1.24456 -0.728803 1.01078 1.04769 0.08934 0.359634 0.532485 -0.680062 -0.609823 0.539933 0.246145 1.0483 0.281632 -0.62267 -0.339795 0.133632 -0.360574 1.16275 -0.277839 0.652782 -0.144174 0.0609522 -0.989511 -0.415508 0.146197 -0.31753 0.373281 -0.246002 0.0877706 0.355395 0.28698 -0.145021 -0.832073 -0.546504 0.641173 0.511385 0.45672 -0.550163 -0.795326 -0.763959 0.146341 0.642113 0.0399878 0.944523 -0.19812 0.189695 -0.905471 -0.305335 1.27403 -0.522176 -1.10732 
0.531447 -0.11116 0.31129 0.835234 0.60607 0.142956 0.12966 -0.22538 -1.63842 -0.698801 -0.645472 -0.500381 0.412689 0.78897 0.0816915 0.445508 0.348837 -0.50024 -0.247204 -0.45906 0.0862195 -0.236613 -0.721432 -1.92963 0.146758 0.373374 0.663792 -0.527803 -0.104709 -0.010314 0.199012 -0.0772659 -0.302195 -0.104278 -1.02743 -0.390836 0.620698 0.893354 0.590935 -0.746785 -0.515153 0.295863 0.0979974 0.576425 0.324449 -0.523193 -0.117432 -0.402081 -0.394388 -0.860687 -0.749545 0.449583 -0.447701 -0.0616021 0.455437 -0.724199 -0.55744 -0.471736 -0.228702 
-0.522202 -0.738715 0.705831 0.28037 0.34238 0.297126 0.139668 -0.378928 -0.0560669 0.2204 0.994013 0.122049 0.332835 0.27181 -0.0897248 -0.478452 -0.303007 -0.00517372 0.192099 0.685764 1.00857 -1.48668 0.188031 0.676467 0.575427 0.193999 0.382211 -0.0949895 -0.586592 0.520397 1.00346 0.199135 0.132818 -0.420321 0.0176974 0.43357 0.477015 -0.474381 0.411847 0.580233 -0.0343161 0.378261 -0.181342 -0.591545 -0.482395 -0.0931737 -0.241545 0.436323 1.04717 0.0289279 -0.605005 0.181109 0.357437 0.619787 -0.243217 0.357502 0.516463 0.053007 -0.70904 
-0.428448 -0.0233632 0.339332 -1.01802 0.210964 -0.683508 0.268175 0.237331 0.400382 -0.00801627 -0.0452134 -0.0495197 0.449284 1.12259 -0.821375 0.150732 -0.147375 0.252664 0.296325 -0.360779 -0.153209 0.57498 -0.0664466 0.122601 -0.217784 -0.580154 -0.244537 0.917408 -0.843016 -0.3049 -0.229206 -0.506437 0.200512 -0.276062 0.00866295 -0.115968 0.19528 -0.740046 -0.387045 0.135597 0.47715 -0.318258 -0.0752301 -0.138076 0.27134 0.528284 0.394383 -0.958133 -0.318451 -0.182915 0.72008 -0.451708 0.0830412 -0.166672 0.382347 -0.0170407 -0.144486 0.151484 -0.221973 
0.270409 -0.47107 0.0500744 0.156121 0.59273 0.478274 -0.118622 0.367969 0.159927 0.379821 0.0575287 0.836115 -0.0542644 -0.497995 0.0350888 0.0499717 0.0660743 0.382901 0.387294 0.279521 0.530849 0.310761 -0.184831 0.206868 0.423007 -0.728783 -0.171881 0.666876 -0.290203 0.267525 -0.983868 -0.0496501 -0.115855 -1.0154 -0.0267822 0.536982 0.240252 -0.709894 0.442671 -0.263898 0.570982 1.20029 -0.104202 0.63069 -0.167641 0.327296 -0.0869239 0.391079 -0.51344 -0.012885 0.327734 -0.262135 0.0510385 -0.384773 -0.0883712 0.144809 -0.542447 -1.19927 0.0420812 
1.37845 0.259681 -0.137511 -0.224266 -0.0309091 0.144429 0.250077 0.397434 0.085104 0.449163 -0.374038 0.0396992 -0.881416 0.644481 -0.374592 0.216746 -0.344962 -0.533905 -0.480826 -0.319563 0.224597 -0.461633 -0.638801 1.11355 -0.691521 -0.0801985 -0.626254 0.579483 0.131821 -0.554828 0.510612 -0.0800821 0.443991 0.339646 0.36238 0.283629 0.0557369 0.367194 0.908111 -0.48846 -0.901259 -0.31826 -0.157581 0.153439 0.708055 -0.0274984 -0.490507 0.0138752 0.335077 1.06227 -0.488177 0.953564 1.15574 -0.0411335 -0.543284 -0.0631049 0.731812 0.505286 -0.183212 
0.013276 -0.269579 -0.644404 0.271904 1.05298 -0.824573 -0.378658 -0.134373 0.916829 -0.539687 0.0348049 -0.00638006 0.617674 -0.389407 0.513072 -0.204972 0.713408 -0.564174 -0.960279 -0.117992 -0.551146 0.176981 0.0312121 0.614484 -0.0967306 -0.141808 0.701374 -0.616597 1.02898 0.421033 0.704477 0.428522 0.185625 -0.0704683 1.31471 -0.154288 0.842462 0.478651 0.399934 -0.0531986 0.267182 -0.242457 0.193725 -0.176279 -0.416813 -0.30464 0.0564254 -0.845531 0.237249 0.339684 -0.259739 -0.0864659 -0.125473 0.183949 0.068522 0.244624 0.248095 0.1963 -0.50193 
-0.614719 -0.49729 0.0542415 0.125147 0.440972 -0.350086 0.0180872 0.377813 -0.932815 0.182647 -0.809262 -0.509234 -0.088403 -0.645228 0.808186 -0.951275 -0.0228344 -0.779204 0.523562 0.0595003 0.129484 -0.0811886 -0.0808361 -0.714769 0.313031 0.129401 -0.516232 -0.0208562 -0.460089 0.365336 0.592512 -1.40406 -0.448076 0.278101 -0.801661 0.116599 -0.226658 -0.91657 0.077677 -0.95142 -0.0675656 -0.5869 1.09121 -0.063491 -0.0851243 -0.963841 1.01457 0.00122919 0.00261199 -0.554309 0.368359 1.05235 0.4451 0.124196 -0.961192 0.0891114 0.170274 0.10639 0.0906196 
0.375272 0.748108 0.404406 -0.588262 0.624035 0.244207 0.434442 -0.229604 1.0166 0.727632 -0.589293 -0.416788 0.378816 0.807773 -0.086783 -0.156221 0.00911557 -0.535825 -0.118495 -1.11099 0.555027 -0.160045 1.10405 -0.445954 0.462589 -0.814355 0.826922 -0.452525 -0.342673 -0.347212 0.271209 -0.499113 0.244185 -0.640069 0.0492248 -0.50924 0.653933 -0.968409 0.71537 0.754531 -0.246325 -0.36862 -0.859707 0.246522 0.15888 0.834234 0.272949 0.568196 -0.770452 0.00486725 -0.277967 -0.665925 -0.870349 -0.0194507 -0.440957 -0.0535221 0.136794 -0.586288 -0.21347 
-0.570843 -0.230775 -0.343676 -0.192337 -0.482475 0.376012 -0.680864 0.774219 0.873755 0.183727 -0.0428799 0.818071 0.0212611 -0.395841 0.646078 0.483067 0.538753 0.626793 -0.450647 0.11994 0.182648 -0.65807 0.533397 -0.0419623 0.989933 0.572461 -0.0419722 -0.0158608 0.138082 0.370122 -0.242692 0.507473 -0.0261345 -0.643785 0.316829 -0.686142 -0.308374 0.196391 0.249977 0.458515 -0.0595991 -0.363959 0.853936 -0.609406 0.422218 -0.389122 0.455039 0.437038 -0.282701 -0.436642 0.3696 -0.447138 0.540515 0.374316 -0.802164 -0.67637 0.654073 0.224232 0.17184 
-0.0522464 -0.00592904 0.0333791 0.299346 -0.0619253 0.0437259 0.447693 0.614933 -0.640964 0.827518 0.698447 0.266704 -0.673672 -0.492024 -0.767901 -0.744722 -0.369899 0.476038 -0.322624 -0.234693 -0.439572 -1.03379 0.999657 0.580328 -0.684737 0.42323 -0.0100736 0.888673 0.397026 0.445717 0.134885 -0.639275 0.723689 0.248659 0.00862342 0.0544065 0.258802 0.0856545 0.57134 -0.269801 -0.647597 0.457552 -0.000981848 -0.73595 -0.093004 -0.862039 -0.570237 0.0678097 0.371632 -0.0929286 0.329632 0.615419 -0.162688 -0.0443308 -0.561 1.23229 0.228909 -0.748538 -0.177693 
0.838268 -1.00848 -0.0660728 -0.166142 -0.167722 -1.14658 -0.196815 0.734734 0.785268 -0.152562 -0.0808311 0.187458 0.370666 0.830742 -0.138101 -1.166 0.359433 -0.24182 -0.0672406 -0.388539 -0.462078 -0.357267 -0.366203 -0.240323 -0.127544 0.188356 0.342624 0.373883 -1.21853 -0.783682 0.192397 0.241956 0.0254968 -0.0646746 0.317822 -0.284198 0.668573 0.561649 0.432017 -0.10576 -0.257652 -0.0362838 0.353829 -0.0453638 0.124587 0.228504 0.277296 -0.298533 0.246578 0.937741 0.701541 -1.30901 0.855378 0.473579 0.334325 -0.157411 0.61194 -0.950816 -0.532751 
0 0 0 0 0 0 0 0 0 0 0 0 0 0 0 0 0 0 0 0 0 0 0 0 0 0 0 0 0 0 0 0 0 0 0 
0.169428 0.963448 0.265212 0.571029 -0.788147 0.51264 -0.336645 0.986017 -0.0480854 -0.169902 0.214071 -0.903099 0.105943 0.173955 0.139402 -0.759822 0.457902 0.0396834 -0.103443 -0.165791 -0.806249 0.57506 -0.91064 -0.41195 -0.354502 -0.390437 -1.06529 -0.795012 -0.57488 0.953961 0.352982 0.932026 0.203064 0.86617 -0.274307 
-0.778287 -0.166489 0.231516 0.0574867 -0.898458 -0.291144 -0.0107991 -0.664721 0.0204506 -0.732442 0.345367 -0.167751 0.0754736 0.633409 -0.7127 -0.89197 -0.479529 0.0748153 0.664172 0.868888 -0.0194146 1.00664 0.120507 0.348221 -0.291191 0.11822 0.0821489 -0.244781 -0.493265 0.975664 -0.255671 -0.464619 0.130279 -0.138592 0.528497 
0.296856 0.171141 -0.430029 1.04593 -0.0436311 1.2351 0.84748 1.08473 0.363667 0.118289 -0.00347149 0.857947 1.14607 0.0887333 0.267586 -0.11612 0.113034 0.864703 0.18273 0.233935 -0.474493 0.38093 -0.058734 -1.20003 0.203559 -0.404842 -0.306933 -0.270347 0.272526 -0.481791 -0.252067 0.0863558 -0.522168 0.386218 -0.085509 
-0.776071 0.917661 1.02513 0.134091 0.13587 -0.313351 -0.688456 -0.669386 0.716271 -0.782633 -0.37754 -0.540619 0.610385 0.0911962 -0.058688 -0.00366177 0.488871 -0.489384 0.687793 -0.186033 0.0182325 0.0145537 -0.136359 0.362841 0.0660575 -0.66578 0.272372 0.600796 0.484391 -0.355815 -0.684796 -0.304634 0.719816 -0.369626 0.366262 
0.467752 -0.135333 -1.09443 0.662309 0.0202538 0.683313 -0.430089 -0.41994 -0.227121 0.631213 0.283531 -0.880673 -0.984793 -0.259035 0.442311 0.27256 -0.106141 0.0610706 0.180913 0.382127 -0.74546 -0.242003 0.60338 0.415806 0.0712651 -0.0391897 -0.16857 0.301745 0.420704 -0.754674 -0.908491 0.250437 -0.12835 0.509865 1.28736 
-0.802997 0.307936 -0.153895 0.732869 0.233045 0.302328 -0.570087 -0.242773 0.447137 0.205173 0.0507031 0.565279 0.283429 -0.123402 0.0102115 0.396109 0.710469 -0.397407 0.360327 1.05816 0.0104621 0.301686 -0.409765 1.04852 0.23048 -0.450929 0.335944 -0.23011 0.361617 0.448364 0.555724 -0.0369111 0.0973847 0.309567 -0.389458 
0 0 0 0 0 0 
