3
80 55 4 
2
1256
-0.359527 0.245726 -0.00502278 0.479095 0.54175 0.106076 0.402768 0.476543 -0.480701 -0.536084 -0.394769 0.501965 0.108348 0.29556 -0.501788 0.574733 -0.685739 -0.324371 0.234869 0.377635 0.481459 -0.134488 -0.215007 -0.238059 0.0656626 0.157757 -0.292031 0.470308 0.66885 -0.308828 0.10007 -0.44645 -0.29287 -0.150304 0.354448 0.116591 -0.0394309 0.0872309 -0.213794 0.52785 -0.411695 0.104239 -0.330643 -0.060993 0.0770559 -0.553789 -0.10914 -0.108004 -0.0558008 -0.949747 -0.05859 0.258876 -0.0280609 -0.655021 0.0613442 0.0247052 -0.690696 -0.193069 -0.681509 0.0760482 0.652273 0.0294866 0.519058 -0.166432 0.476863 -0.130766 0.381449 0.211644 0.703348 -0.388152 -0.160417 -0.993004 0.485569 0.0961602 -0.126701 -0.240244 0.42353 0.599148 0.583775 0.303976 
-0.966867 0.431948 0.249647 1.43443 0.0801499 -0.610564 -0.104803 -0.0093861 -0.353836 0.315608 -0.0150608 0.302227 -0.205089 0.562217 -0.0143311 -0.0320317 0.303371 0.140392 0.827943 0.00507845 0.557934 -0.560625 -0.597055 -0.839178 -0.526955 0.200812 -0.319884 0.331983 -0.474845 -0.296656 0.159444 -0.451207 -0.282182 -0.0689074 0.559142 -0.147714 -0.594741 0.246145 -0.0335384 -0.464559 -0.681691 0.114445 0.53296 0.296926 0.781946 0.444326 0.0477295 0.4779 -0.104926 0.174634 0.282537 0.0431133 0.157413 -0.366566 -0.0888399 -0.525449 -0.213637 0.292972 0.262833 -0.907134 -0.0360653 -0.434979 0.257538 0.708808 0.109823 -0.185062 -0.599315 -0.0308603 0.289426 -0.549767 0.547651 1.52587 -0.429887 -0.296864 -0.809606 -0.341397 -0.4974 -0.0918762 0.710276 -0.567446 
-0.473581 -0.711849 0.579143 0.494602 0.475399 -0.553422 0.908733 0.251967 -0.253115 0.216886 0.00697781 0.130544 0.278296 -0.0413054 0.156727 0.0148446 0.337012 -0.0878968 -0.353599 -0.289898 0.177974 0.714048 0.846234 -0.548657 -0.0475499 0.154248 -0.035244 -0.672366 -0.463094 0.200618 0.0277434 0.193043 0.752895 0.646168 0.801171 -0.0982376 -0.905838 0.505901 -0.280384 -0.269915 -0.263879 -0.873856 0.357239 0.172878 -0.202674 0.042878 0.310104 -0.402895 -0.0749009 -0.590971 -0.219405 0.117943 -0.445453 -0.170755 0.124264 -0.561362 -0.687892 0.173415 -0.786427 -0.237254 0.0462745 -0.026147 0.0221758 -0.0397211 0.352951 -0.0559772 -0.242779 -0.213127 -0.0429761 0.155892 0.0175852 -0.910432 -0.717266 0.401675 -0.34036 -0.470527 -0.0699382 -0.156226 0.409115 -0.0308919 
-0.358822 -0.439293 -0.0594857 -0.206163 -0.129899 -1.37382 0.47333 0.57061 0.498909 -0.448921 -0.700588 0.578543 -0.0064326 -0.822224 1.0553 -0.408325 -0.182827 0.154564 0.408765 -0.216071 0.783489 -0.567127 0.192142 -0.149016 0.0220639 0.419137 0.750156 0.525787 0.118971 -0.293747 -0.0242191 -0.795009 0.0756964 0.468868 -0.297671 0.151052 -0.56627 0.146837 0.408124 0.308907 -0.0659514 0.260483 0.284526 0.327377 0.113779 0.386176 0.146579 0.919512 -0.0634372 -0.37129 0.273978 0.238737 -0.682207 0.364995 -0.438121 0.0707038 -0.0615124 0.263147 -0.139623 -0.187183 0.455605 0.168302 0.0898869 0.540968 -0.24757 -0.445108 -0.0152675 0.0726786 -1.02591 -0.264769 0.632575 0.439438 0.118852 -0.541309 -0.180215 -0.0607599 -0.000501772 0.0580248 -0.527645 0.0622614 
0.308278 -0.402945 -0.37158 0.787517 0.409205 0.299413 0.408613 -0.356894 -0.027028 0.151021 0.13142 -0.134952 -0.434032 -0.0212734 0.444501 0.012667 0.364919 0.215092 -0.25871 0.540571 -0.133775 0.467734 0.240074 -0.226016 -0.075184 -0.0151284 -0.163308 -0.32945 0.0178281 0.232766 -0.291409 1.21678 0.989074 -0.049729 0.175039 -0.661331 -0.458466 -0.244735 -0.536651 0.414541 0.0668732 -0.0973296 0.222275 -0.158164 0.40287 0.197347 -0.217211 -0.236785 -0.463559 -0.0406964 -1.13362 0.0994712 -0.0501374 0.131092 0.0428612 0.522156 -0.267528 -0.0802595 0.235974 0.184339 -0.235834 0.109449 0.599014 -0.221962 0.379869 0.271855 0.0340678 -0.241228 -0.57616 0.750487 -0.338108 -0.328561 -0.332007 0.451114 -0.193204 0.41554 0.269001 0.0372974 -0.619679 -0.069318 
0.158901 0.352794 0.755353 0.862618 1.00983 0.282271 -0.535622 -0.0357047 -0.199379 0.189057 0.485141 -0.43771 0.318759 -0.171023 0.0729528 -0.0142298 0.3446 0.365462 -0.279166 0.0465114 -1.19595 -0.00582175 0.569346 -0.620438 0.624802 -0.122446 0.39785 0.652074 -0.205662 0.0260523 -0.572331 -0.98082 0.472144 -0.194892 0.1116 0.10234 0.377512 0.276106 -0.313911 0.321159 0.24293 0.0403777 -0.0280501 -0.0233297 -0.70393 0.471391 -0.0542932 -0.877489 1.064 -0.00291672 -0.202012 -0.88709 0.404245 0.0135538 -0.438181 0.0936004 0.502711 -0.797852 -0.719395 0.529912 0.284488 0.310493 -0.404255 0.188103 -0.0062153 0.488372 -0.277467 0.52229 -0.320278 -0.513806 0.0698825 -0.369242 -0.230459 -0.721834 0.038718 -0.198121 -0.205526 -0.611622 0.51771 0.272902 
0.621898 0.059484 0.308018 0.0316436 -0.848159 0.0823822 0.336246 -0.563967 -0.421294 0.165105 0.588809 -0.0711002 0.196782 -0.363175 0.557236 -0.441594 0.0336889 -0.54488 0.398727 -0.657025 0.259228 -0.513904 0.0813964 -0.0560189 -0.63577 -0.844597 0.247553 0.320905 -0.0363656 0.0671425 0.311314 -0.211744 -0.21489 0.156453 -0.0398061 -0.411147 -0.259865 -0.0790049 -0.0522013 0.0807324 0.372395 -0.36769 0.232424 0.753799 0.366224 0.290236 -0.298419 0.297233 -0.0172629 0.0313684 -0.240124 0.66851 -0.0156682 0.554955 0.0193457 -0.380802 -0.470547 -0.0826415 0.181351 -0.483351 -0.453029 0.311426 -0.0444058 -0.451256 0.892887 0.586847 0.577067 0.226227 0.0783754 -0.52667 0.189798 0.673281 -0.24085 -0.521768 -0.240711 -0.237534 0.378549 0.223445 0.379751 0.336666 
-0.00251837 -0.449622 -0.343531 -0.2264 -0.182606 -0.641967 0.835343 0.109894 0.308765 0.276268 1.00217 0.514078 0.382252 -0.594346 0.18393 -0.0776281 0.536883 0.241249 0.349447 0.193864 -0.0428606 0.0206595 -0.163059 0.0359814 -0.284822 -0.0212688 -0.0152815 0.0674888 0.834366 -0.0951601 -0.233228 0.279593 0.216666 -0.485563 0.0801826 0.152363 0.679626 0.0779595 -0.289632 -0.148992 0.632662 0.269256 -0.105148 0.0473102 -0.3999 -0.465426 0.817108 0.796878 -0.287969 -0.115057 -0.110319 -0.170446 -0.19724 -0.036693 0.129839 0.332617 0.186063 -0.636262 -0.185157 -0.19077 -0.392263 0.178205 0.159798 0.259735 -0.470414 0.422688 -0.23109 -0.640709 -0.758074 0.665054 -0.32737 -0.757709 0.193284 -0.383154 -0.708638 0.391098 1.07151 -0.157074 0.568769 -1.16085 
0.57885 0.424469 -0.189718 0.329281 0.218241 -0.172711 -0.517285 0.0393265 -0.97149 0.272458 0.0636014 0.0865304 0.217304 -0.492646 -0.0780969 -0.452178 -0.775222 0.245295 0.724602 -0.0988431 -0.125251 1.04237 -0.518524 -0.0334557 -1.08401 -0.104493 -0.28428 -0.192623 0.15973 0.0476352 -0.469146 0.0630104 -0.0451145 -0.372199 -0.673769 0.789977 0.270063 0.511425 -0.0491022 -0.622643 -0.0634451 0.100722 -0.02243 -0.285307 -0.0460221 0.288311 0.00525272 -0.556117 0.500788 -0.130451 -0.310542 0.506445 0.360328 -0.601977 0.349378 -0.174604 0.0173922 0.166472 0.932191 0.39094 0.484367 0.0436368 -0.63511 -0.187511 0.0495203 -0.0471517 0.423282 -0.204393 -0.211862 0.240516 -0.129508 -0.445698 -0.0862954 -0.699586 0.219924 0.140836 -0.412714 -0.517293 -0.311036 -0.452272 
-0.182289 0.127589 -0.484684 0.124499 0.0707321 0.491198 -0.708347 0.188187 0.217605 0.201036 -0.207879 -0.0423231 0.00921763 0.0762907 0.633097 -0.446725 -0.133039 0.596936 0.060956 0.0766357 -0.77091 1.00334 -0.543242 0.0638524 -0.0455599 -0.0166363 0.0784566 -0.119695 -0.054722 0.50042 0.227148 -0.459818 0.509109 -0.170601 -0.495353 -0.0595 -0.295133 -0.647873 -0.230393 -0.454882 -0.198992 -0.449793 0.359951 0.0254768 0.381335 -0.33295 -0.109013 0.180927 0.0537861 -0.58117 -0.105622 -0.0898691 0.659206 0.69855 0.298044 -0.373999 0.444699 0.484748 0.337692 0.46411 -0.575043 0.0187727 -0.52521 -0.12242 -0.0166712 0.49777 0.742577 0.198356 -0.376039 -0.00785951 0.228045 -0.849277 0.284653 0.211726 0.182795 0.483288 -0.254836 0.648318 0.127287 0.539265 
-0.104334 0.378199 -0.164696 0.0896272 -0.649407 -0.20092 0.0831125 -0.41166 0.346504 -0.22089 0.0503223 -0.563977 -0.116332 0.966163 1.3102 -0.0609521 0.789889 -0.0461946 -0.617372 -0.137466 -0.179945 -0.225491 -0.409052 0.567697 0.048907 -0.497358 -0.258805 0.668903 -0.089954 0.729382 -0.435824 -0.574675 -0.221322 0.493276 -0.205443 -0.117153 0.30878 -0.011324 -0.381976 -0.662332 0.502631 0.558057 -0.263863 0.414335 -0.383047 0.0212754 -0.147965 0.064097 -0.120639 0.0860791 0.602691 0.165451 0.173894 0.133838 0.474549 -0.0463984 0.772423 -0.0375059 0.0654126 0.563666 -0.0596293 -0.22253 -1.06837 0.319763 -0.362796 0.0137155 -0.355354 0.653636 -0.0438264 0.184239 0.261913 -0.505069 0.699242 0.597718 -0.32587 0.326683 0.611411 -0.146086 0.176175 -0.320426 
0.410896 1.51406 0.625518 -0.280942 -0.157414 0.0313658 -0.170279 0.794054 -0.92761 -1.44289 0.217864 -0.238258 -0.0263549 -0.316074 -0.450113 -0.109518 -0.345679 -0.0934871 0.742398 -0.642297 0.0146002 -1.17934 0.144207 0.698365 0.289413 -0.0419961 0.491641 -0.355314 -0.17723 0.438561 -0.0866897 0.144052 -0.0888945 -0.235269 0.453213 0.751026 -0.631609 -0.557864 -0.296038 0.108329 -0.0634199 -0.247501 -0.625827 -0.324886 -0.0493219 -0.484104 -0.442428 0.0648363 0.374373 0.246533 -0.175979 0.241625 -0.199405 0.286448 0.926322 -0.176947 0.815963 -0.578454 0.0893038 -0.255353 -0.325568 0.0966202 0.484001 -0.153756 0.882462 0.0501794 0.38786 0.132987 -0.708392 0.523852 -0.314398 0.0914233 0.29212 -0.150985 0.0767211 -0.71751 -0.0779863 0.0879086 -0.395984 0.662965 
0.149129 -0.206691 0.209233 0.109558 0.932212 -0.513385 -0.267568 -0.392198 0.131725 1.09928 0.152848 -0.312152 -0.740184 0.10342 -0.176096 -0.635818 -0.117391 0.171907 -0.19226 0.0226711 1.02367 -0.226977 0.0392663 0.310783 -0.154351 -0.21237 0.189727 -0.290238 -0.168721 0.478807 -0.17939 0.584242 0.604127 -0.213914 0.900934 0.176297 -0.53928 -0.0899465 -0.233971 0.274578 -0.199033 -0.475019 0.0748661 -0.805668 -0.296196 -0.495348 -0.0317975 0.259639 -0.184117 -0.0596901 0.258304 -0.57201 1.17248 0.0815418 -0.118124 0.610498 -0.392224 -0.512185 -0.178441 -0.0981928 -0.0660898 0.461134 -0.437511 0.18291 -0.447652 -0.594588 0.530025 -0.141018 0.40671 -0.377428 0.180209 0.431865 -0.264517 0.295822 0.210545 0.707149 -0.63107 0.189379 0.354333 1.04085 
0.295589 0.0897363 -0.072294 -0.109673 0.720723 -0.209711 0.343247 0.387632 -0.648301 0.487057 -0.826342 -0.352869 0.659427 -0.180512 0.587444 0.931244 0.268751 -0.0927055 0.270374 0.308958 0.206834 -0.43007 -0.840456 0.407364 0.0946012 0.50447 -0.053505 -0.744469 -0.0773184 0.181034 -0.28939 -0.32718 0.00972345 -0.341344 0.265435 -0.0826803 0.0140909 0.199587 0.0669868 -0.407805 0.517698 -0.0665927 -0.36378 0.178002 -0.0901314 -0.567317 0.405933 0.113947 -0.110079 0.578933 -0.588532 -0.925554 0.0777031 0.269327 0.542772 0.00996855 0.497602 0.0023044 -0.239595 0.444128 -0.31855 0.189563 -0.104563 -0.726972 -0.0449338 -0.85787 -0.675322 -0.806035 -0.294959 -0.813421 -0.376491 0.34426 0.314187 0.635344 0.321923 -0.304767 -0.200268 0.623011 -0.318662 0.299406 
0.484566 -0.160915 -0.0726789 0.394522 0.0883019 -0.127122 0.27884 -0.223943 0.104111 0.257751 -0.11557 0.11254 -0.433874 0.0567099 0.326824 -0.574583 0.67306 -0.466949 0.217846 -0.573622 0.355301 0.280566 -0.654252 -0.33736 -0.598387 0.112827 -0.0426624 -0.290723 -0.316156 0.871155 0.651548 0.0750027 -0.436676 -0.576598 0.33257 -0.635778 0.279931 -0.208746 -0.50491 0.902327 0.14251 -0.225445 0.146411 -0.187351 0.0476328 -0.0848671 0.175503 -0.34539 0.126671 -0.292705 0.375223 -0.586095 0.25686 0.355202 0.898913 0.167901 0.312944 0.0487847 0.479234 0.061058 -0.535926 0.431669 0.078965 -0.215437 0.100535 -0.255622 0.226149 0.13997 -0.350581 0.298846 0.0877967 -0.213519 -0.748515 -0.686968 -0.198494 0.672693 0.264125 -0.293459 0.170961 0.44511 
0.115537 -0.104461 0.0839303 -0.289809 -0.176993 -0.255399 0.325368 -0.19031 -0.228061 0.0408845 0.472397 0.329113 -0.0418554 -0.391151 -0.528382 0.018541 0.114207 0.430403 -0.246946 -0.482596 -0.430576 0.0670185 0.452965 0.994835 -0.629378 1.08405 0.0603122 -0.426647 0.5772 0.618895 0.226444 0.679995 0.451812 0.409244 0.0592646 0.209179 0.216125 0.0395088 -0.458018 -0.247819 -0.521714 0.0448456 0.673302 0.310923 -0.162695 -0.147751 0.0812242 0.451158 0.546203 0.26615 0.254956 0.075113 -0.177295 -0.166165 0.571352 -0.723618 0.261934 0.12341 0.509357 0.469807 0.387188 0.242481 0.0805386 0.555973 -0.328988 -0.343332 0.0311906 -0.238529 -0.198524 -0.573115 -0.511999 0.0913991 0.0828423 -0.00477406 0.297475 0.293546 -0.293291 0.308675 0.509327 0.501788 
0.475957 -0.560406 -0.119774 0.989819 -0.0197264 0.218583 0.769134 -0.029532 0.303336 -0.327881 0.318456 -0.312632 0.914416 -0.453322 -0.214757 -0.697254 -0.68536 -0.41052 -0.658694 -0.132417 -0.473735 0.329482 -0.171948 0.113861 0.776518 -0.282739 0.316726 -0.498491 0.051779 -0.084889 -0.353637 0.374884 0.228504 0.0122692 -0.674817 -0.510514 0.0272544 0.240649 -0.26267 0.649289 -0.326832 -0.0535589 0.114406 0.357912 0.67095 -0.496204 -0.675819 0.21217 -0.117702 -0.201491 0.225845 -0.283712 -0.0352361 -0.285267 -0.248062 -0.163501 0.396084 -0.444197 0.216783 -0.790882 -0.04825 0.0187401 -0.307668 0.0629572 -0.166034 -0.0435192 0.0886303 0.0268894 1.09153 -0.368221 0.186542 -0.444191 0.520321 -0.668059 0.59075 0.551155 -0.213589 0.0368138 0.650836 0.803179 
-0.561128 -0.178919 0.0328002 -0.247387 -0.879089 -0.0663947 -0.177516 0.330115 -0.358941 -0.0347398 0.122589 -0.151737 -0.0867323 -0.0869404 -0.333862 -0.106828 0.598505 -0.345596 0.0275403 0.292908 -0.408244 -0.47984 -0.282629 -0.319349 0.196535 -0.33296 -0.235995 0.379988 -0.0830113 -0.550711 0.516695 -0.166366 -0.160167 0.474619 -0.186456 -0.00311608 -0.43367 0.451804 -0.382787 0.300835 -0.238719 0.25215 0.694395 -0.0329029 -0.287888 0.383272 0.616475 -0.0390898 0.203442 0.158957 0.162549 -0.151401 -0.163961 -0.207157 -0.175298 -0.0346433 0.297889 -0.308719 0.270598 0.0720051 -0.0507998 0.432396 0.631904 0.381372 -0.0312585 -0.11605 -0.554752 -0.067124 -0.0730294 -0.154363 -0.0340081 0.0947133 -0.357444 0.0407151 -0.169394 -0.423199 -0.126218 -0.125595 -1.16262 0.490655 
-0.0892545 -0.163286 -0.107131 0.0166602 -0.52685 -0.523539 0.540023 0.521028 0.132784 -0.0365276 -1.10337 -0.655794 -0.484133 0.512446 0.407299 0.169824 -0.0097863 0.00653972 -0.427074 -0.0935836 0.170568 0.20191 0.183711 0.263684 0.252265 -0.320569 0.555211 -0.36248 0.398019 -0.00281277 -0.405113 0.502883 0.345698 -0.121938 -0.106733 0.621566 -0.0664933 -0.437992 -0.306931 0.00636367 -0.593691 -0.482258 -0.140227 0.398475 -0.0604713 -0.506931 -0.741614 0.212719 0.338361 0.105446 -0.519646 -0.428807 0.751321 0.945934 0.10803 -0.847065 0.179561 -0.21513 0.193097 -0.128477 0.425735 -0.228926 -0.43638 -0.8495 -0.428624 0.16198 -1.10742 0.352951 -0.391667 0.191708 -0.212531 -0.242044 -0.139041 -0.492864 0.304976 0.404355 -0.263763 0.218706 -0.271733 0.773647 
-0.172944 -0.00248208 0.551885 -0.22694 -0.507772 0.0279471 0.123781 0.544765 0.774722 0.712953 0.791931 0.582004 -0.587731 -0.29494 -0.589526 0.646108 0.170021 0.810903 0.396134 -0.236306 -0.0466948 -1.02238 0.317909 0.111346 -0.158896 0.0620395 0.0415131 -0.270914 0.02948 -0.0273759 -0.169059 -0.0965243 -0.282976 -0.0667534 -0.390539 0.424771 -0.181049 -0.156358 0.0848623 0.0607279 -0.434677 0.685731 0.07815 -0.668583 -0.189778 0.597494 -0.346195 0.173954 -0.605326 1.20877 0.542914 -0.00394026 0.384205 0.355548 -0.0102399 -0.242164 0.46146 0.240864 -0.0261426 -0.387729 0.403248 -0.157492 -0.726983 0.586248 -0.0194821 -0.217843 -0.136493 -0.662694 0.293464 0.56292 0.612077 0.0538561 -0.846061 -0.562783 0.0402671 -0.396197 -0.0799938 -0.247345 -0.757367 -0.278303 
0.124349 -0.0988019 0.577453 -0.189006 0.0025309 0.701067 0.087788 -0.874959 -1.38838 0.56564 0.0805705 0.0595213 0.121039 0.164999 -0.0782875 -0.0951758 0.712487 -0.223726 0.221109 -0.130618 -0.565856 0.222142 -0.843465 -0.440708 0.128048 0.174824 -0.0563833 0.188158 0.0932951 -0.146618 -0.4497 -0.101768 0.126981 0.527173 -0.574321 0.352365 0.916603 0.136659 0.399297 -0.576544 -0.189816 1.14543 0.332819 -0.117606 -0.80688 0.285295 0.76698 0.255917 0.542715 -0.3256 -0.185563 -0.163 -0.409828 0.275905 -0.200169 -0.286489 -0.894034 -0.227704 -0.499789 -0.254221 -0.480512 -0.0153706 0.398403 0.128011 0.177757 0.588071 -0.049678 0.233797 0.366231 -0.645396 0.0886954 -0.677087 -0.60115 -0.362345 -0.380157 0.598864 0.410804 0.441825 -0.147485 -0.565808 
-0.0639153 0.0903301 0.97271 -0.292912 0.454039 0.864422 -0.144642 -0.501557 0.336051 0.128277 -0.331049 -0.555744 -0.466516 -0.346635 -0.694673 -0.887951 -0.17575 0.113711 0.450482 -0.273206 1.01853 -0.664806 -0.60022 0.00967988 0.0530896 -0.452439 0.0746423 0.141324 -0.505244 -0.119438 0.203155 -0.473255 0.302282 0.755514 -0.793788 -0.175606 -0.400937 0.160046 -0.143812 -0.0968872 0.487247 0.077884 -0.0650025 0.50737 -0.134793 0.194524 0.5373 0.976713 -0.273805 0.129629 0.389367 -0.0017267 -0.472887 0.0650107 -0.288768 -0.315352 -0.473705 -0.651278 -0.0905793 -0.203729 0.0441057 -0.331952 -0.638625 -0.0144932 0.301066 0.177081 -0.21903 0.702063 -0.132967 0.0884525 -0.202249 0.0501765 -0.052867 0.400936 0.184712 -0.351114 0.361856 -8.94508e-05 0.33076 -0.174606 
-0.128003 0.603489 0.338731 0.255864 -0.0333108 -0.106272 0.19228 -0.214471 -0.502662 0.382947 0.0825309 0.0305225 -0.131346 0.0901738 -0.15047 0.76924 -0.394891 -0.0231087 -0.0438597 0.178877 0.635481 -0.0621207 0.842394 -0.0688012 -0.0473029 -0.531722 0.29507 -0.316762 0.286838 -0.33277 0.101484 -0.621266 -0.0124067 0.134421 -0.464281 0.247846 -0.0167612 0.249496 0.00245522 -0.572349 -0.478542 0.100625 0.146 0.797428 -0.309718 0.127522 -0.159742 0.609473 0.365821 -0.168599 -0.679252 -0.325277 0.425347 0.0459852 -0.855797 0.359372 -0.116256 -0.797078 0.266208 -0.00206286 0.147713 -0.201734 -0.107626 0.0968847 0.63591 0.429695 0.130273 -0.493774 0.345361 0.108258 0.364401 0.0740526 0.239806 0.353862 -0.0506019 -0.0486294 0.146392 -0.149857 0.256786 -0.672301 
0.148295 -0.0848903 -0.185494 -0.0325978 0.369434 0.641923 -0.203155 0.448283 0.26176 -0.244025 0.341457 0.186619 -0.227491 0.31246 0.403842 0.48035 0.30983 0.67988 -0.179039 0.202989 0.293674 0.14849 0.265842 -0.267758 0.956261 0.476438 0.508265 -0.00655171 -0.525493 -0.179286 -0.166226 -0.00149379 0.369748 0.443635 -0.255548 0.175173 0.571887 0.225835 -0.516827 0.607657 0.593835 -0.592909 -0.725376 0.430855 0.340955 0.0956539 -0.304182 0.00456229 0.177833 0.0596041 -0.768016 0.165878 0.194669 -0.27665 -0.0751424 -0.160133 -0.696304 -0.538322 0.485299 0.459484 0.315079 -0.0146327 0.0706287 0.0637123 -0.109418 -0.358321 -0.0733542 0.139429 -0.0388659 0.7282 0.267322 0.299004 -0.262378 0.421518 0.61809 0.180986 0.262712 -0.051331 0.370933 -0.00177516 
-0.480289 -0.102939 0.133378 -0.0787196 0.552782 0.241972 0.118927 -0.592361 -0.219999 -0.297554 -0.2125 0.0753502 0.411973 -0.38928 -0.148271 -0.528461 0.0563363 0.124172 -0.0707585 -0.290303 -0.687127 -0.801633 0.0913828 0.22466 -0.662401 -0.758781 -0.150339 -0.400097 -0.256384 0.287183 0.0294803 -0.794781 -0.0165561 -0.349319 0.0279992 -0.490674 0.453154 0.410073 0.491335 0.109854 -0.133691 0.322013 0.968627 -0.162002 -0.675731 0.156078 -0.213443 -0.0480067 0.803692 -0.251193 0.0330756 -0.305623 0.0444995 -0.786148 -0.595795 0.0297127 0.450956 -0.0478536 -0.851339 -0.439646 0.188989 -0.0352142 0.248812 -0.367082 -0.362029 -0.370546 0.398837 0.248037 -0.235982 0.209501 0.543771 0.764153 0.196303 0.339115 0.831365 -0.517162 0.75932 -0.0496859 0.059757 0.298888 
-0.778212 0.355946 0.332486 -0.352894 0.0628777 0.200219 -0.00147898 0.38265 -0.805499 0.312916 0.0803194 0.365494 0.0204762 0.358818 0.323822 0.0788608 -0.436695 -0.553111 0.341484 0.31765 0.594812 0.230589 -0.241404 0.469417 -0.237828 0.0492682 0.141715 -0.464148 -0.315267 0.424142 0.18106 -0.694693 -0.500242 -0.510083 -0.0553729 0.274329 -0.207824 0.0962132 0.14203 0.0686054 -0.152665 -0.159779 -0.845578 -0.0871111 0.235633 0.193436 -0.239118 0.434491 -0.92532 -0.567508 0.0242298 0.218018 0.722504 0.344022 -0.643355 -0.246591 0.587166 0.289716 -0.995409 -0.0522249 0.205446 -0.269025 -0.145443 -0.225299 -0.297173 -0.204702 0.275494 -0.273315 -0.390647 -0.0651328 -0.640438 -0.0625584 -0.346034 0.0740701 -0.375284 0.861352 -0.45687 -0.246736 -0.310235 0.254788 
-0.458694 0.213987 0.42036 -0.377303 -0.0833284 -0.513389 -0.70604 0.766036 -0.431935 -2.83612e-05 0.410618 -0.319179 0.13744 -0.222371 -0.0386507 1.10641 0.200608 -0.195063 -0.413614 0.0852373 0.0450904 0.178495 0.116549 -0.283346 0.780008 0.733722 0.419342 -0.432895 0.181704 -0.581841 -0.222236 0.950146 -0.0715515 -0.0247582 -0.0437368 0.340371 -0.157274 0.173527 0.354961 -0.556534 -0.592026 -0.216627 -0.279208 -0.124065 -0.188406 0.624208 0.462635 1.05011 -0.585482 -0.129175 0.812429 -0.483902 0.298626 0.774754 0.683489 -0.33119 0.246891 0.33808 -0.742132 0.124204 -0.469896 -0.313117 0.196806 -0.119057 0.150219 -0.594179 -0.602049 0.0760317 0.204053 0.121993 -0.024665 0.357944 0.437131 -0.271772 0.243001 -0.368911 0.0025127 -0.3886 0.0152731 -0.439005 
-0.408277 0.324072 0.278704 0.0256208 -0.711384 0.326294 0.273234 -0.186931 0.709849 0.32065 -0.571794 0.396823 -0.00966505 -0.617438 -0.00838261 -0.604117 0.338251 -0.342495 0.360707 -0.192199 0.14813 -0.244724 0.433001 -0.621304 0.308821 -0.479496 0.339025 -0.171515 0.302951 -0.271057 0.325863 -0.574375 0.408692 -0.140229 0.444886 -0.36734 0.116042 -0.222042 -0.146626 0.221916 -1.06371 0.491757 1.09029 0.0279107 0.914109 -0.925773 0.226015 -0.178337 -0.0150289 0.659217 -0.250414 0.17942 0.159377 0.445722 -0.0842687 -0.31919 0.342385 -0.643654 -0.436306 -0.174272 0.100568 0.4263 0.0781717 -0.296087 0.207509 0.273827 -0.309228 0.312883 0.102103 -0.148966 0.123484 0.010822 -0.457765 -0.204001 -0.329707 -0.247019 -0.258174 0.134722 -0.16066 1.21137 
0.0112894 -0.190813 -0.158023 0.377233 -0.0797906 -0.673242 -0.493597 0.0982429 0.282842 -0.0865733 0.0733903 0.173365 0.0569314 -0.549227 -0.490599 -0.62996 0.0462583 -0.0620025 -0.197849 0.159639 0.543501 0.540319 0.591515 0.669108 -0.262254 0.0271064 -0.109937 -0.0862527 0.524667 0.741755 -0.145705 0.36425 0.499884 0.360921 -0.284379 0.0448895 -0.282495 -0.543991 -0.281669 0.471167 -0.209781 -0.286245 -0.72531 -0.190612 0.277562 0.151934 -0.0047707 -0.518255 0.519892 0.0393731 0.0619768 0.192895 0.563306 0.442433 0.284545 0.408495 0.164014 0.0827833 0.00506614 -0.391884 -0.781278 -0.223087 -0.162748 0.127179 -0.149466 -0.564765 0.804758 -0.106001 0.381451 0.185786 -0.127685 0.12865 0.412532 0.317176 -0.0620802 0.0872102 -0.196477 0.108865 0.636828 0.846427 
-0.311652 0.418652 0.362533 -0.0803022 -0.0590511 0.782593 -0.437357 -0.366226 0.0390178 -0.215328 0.475964 0.374738 -0.204361 -0.0487034 -0.0710712 -0.772398 -0.935254 -0.193254 -0.0781894 0.161227 -0.380342 -0.0541329 -0.00351725 0.389821 -0.0338656 -0.21929 0.822564 0.0824953 -0.322719 0.215344 -0.0624611 -0.97208 -0.12181 -0.634604 -0.131644 -0.450241 0.28271 -0.297605 0.590373 -0.549274 -0.623136 0.295928 0.0201694 -0.32036 -0.117774 0.0689894 -0.106089 -0.1104 -0.616814 1.07054 0.372764 0.775596 -0.479025 -0.728253 -0.178914 0.308104 0.689248 0.297924 -0.0722238 0.418788 0.582298 0.133562 0.241998 -0.221293 0.643624 -0.530188 -0.515953 -0.122214 -0.264384 0.322673 -0.210056 0.0949308 0.786816 0.701115 0.287904 0.586959 -0.582742 0.218132 0.504764 -0.224613 
-0.0316524 0.194116 0.577764 -0.439358 -0.248468 -0.0228427 -0.556572 0.326986 -0.171783 0.737473 0.355419 0.180105 -0.428384 0.769944 0.151619 0.326208 -0.663259 -0.184864 0.770649 -0.169088 -0.231446 0.248315 -0.058437 -0.0773924 0.528335 0.809244 -0.398786 0.0326142 -0.384099 0.0522142 -0.338085 0.40819 0.779293 -0.538249 0.803987 -0.657979 0.169878 0.510578 -0.497096 -0.134692 0.678333 -0.493521 -0.548508 0.261057 0.452734 0.189944 -0.684085 -0.0654241 -0.114686 -0.227463 -0.371687 0.499862 -0.220084 0.433994 -0.00556842 0.117539 -0.311405 0.35706 0.575813 0.323819 -0.40262 -0.140236 1.0913 0.22611 -0.36561 -0.0315269 0.511325 0.372088 -0.000364486 -0.351929 0.101079 0.173503 -0.16342 1.02791 0.183563 -0.641153 0.222708 -0.698591 0.116677 -0.559315 
-0.415292 0.290389 0.397105 0.0231502 -0.10074 -0.665246 -0.0578377 -0.439154 -0.156015 0.0748785 -0.646504 0.134191 0.214062 0.2646 0.746464 0.190266 -0.00484261 -0.260003 -0.204976 0.497311 0.162773 0.2906 0.39176 0.358103 -0.261312 0.504821 -0.133701 -0.113966 -0.0602001 -0.0139053 0.0279859 0.855339 -0.0608079 -0.053061 -0.131534 0.341272 0.184964 -0.181123 -0.0170501 0.517178 0.610631 0.29163 -0.509326 -0.215945 0.365236 -0.582342 0.024937 -0.61007 0.00177436 0.549857 -0.319488 0.163574 -0.069315 0.107732 -0.310452 0.0442515 -0.128804 -0.407807 -0.619129 0.381209 0.191766 0.926337 0.114871 0.388062 -0.597875 0.425638 -1.25242 -0.283449 0.616747 -0.370426 -0.0462261 -0.480094 -0.435161 -0.0706409 0.0466524 0.0192883 -0.0642487 -0.453028 0.0317434 -0.402689 
0.0975078 0.148584 -0.155178 -0.576714 0.529751 -0.598454 -0.641865 -0.469906 0.354354 0.605687 -0.734486 0.455705 0.33784 -0.0804708 -0.0695993 -0.66085 0.113822 -0.545028 0.0496031 0.151272 -0.741909 -0.601535 0.260962 0.208358 -0.916227 -0.660828 0.0877356 0.110053 0.472434 0.416102 0.934632 -0.438547 0.094578 -0.130355 0.550863 -0.18858 0.187876 0.201172 0.147473 0.277829 0.915984 -0.0648692 0.122237 0.152637 0.0708464 -0.618288 -0.768854 0.2495 0.106334 0.550987 0.14844 0.62981 0.373086 0.946722 -0.38286 -0.323389 -0.0970629 0.134733 -0.116467 0.0982878 0.224615 0.295528 0.291457 -0.281062 -0.168131 -0.134526 0.535228 -0.79955 0.818379 0.316227 0.0251679 0.124588 -0.172976 0.543337 -0.0662055 0.216743 0.249042 -0.202183 -0.0063789 0.323036 
-0.38193 -0.0521281 0.458867 -0.27047 -0.00122799 0.0690001 0.0845265 -0.640433 0.228281 0.00460637 0.206952 -0.0874111 -1.15725 0.189509 -0.205959 -0.806743 0.339842 -0.438706 -0.473429 -0.929084 0.468281 -0.52658 -0.152875 0.643754 0.188132 -0.570514 0.186103 -0.397351 0.376477 -0.466713 0.837566 0.377786 -0.387316 -0.230036 0.488821 0.101128 0.0641244 -0.381885 -0.0209553 0.63367 -0.0198949 -0.15423 -0.22034 -0.357979 0.133415 -0.72886 -0.11988 -0.117227 -0.449179 -0.0103869 0.117561 0.120074 -0.392586 0.325448 0.643553 -0.326905 0.0582451 0.338818 0.0168481 0.00822631 0.462581 -0.259936 0.133347 0.748037 -0.228831 0.16161 0.557027 0.206243 0.187166 0.212782 0.291 -0.468754 0.13341 -0.5316 0.637962 0.176178 0.542917 0.24469 -0.0909445 -0.225421 
-0.319166 0.0137247 -0.132254 0.0150755 -0.0582393 0.236128 -0.046217 -0.506177 0.15017 0.235057 0.559622 -0.635654 0.558921 0.0752407 0.0777785 0.0655146 -0.11887 0.111637 -0.614071 0.466676 0.381951 -0.522661 -0.113664 -0.0173248 -0.739351 -0.0255624 0.0708634 0.218374 0.291504 -0.0923656 0.0138775 0.328362 0.0790259 -0.503477 -0.334962 0.34064 -0.505467 0.328564 0.103577 -0.0549435 0.641211 -0.384005 -0.209835 -0.221203 -0.258878 0.37707 0.0486638 -0.940112 -0.385413 0.719133 -0.129148 -0.692635 -0.132975 0.288507 0.829216 -0.0313203 0.157834 -0.363821 0.216035 -0.543734 -0.191528 -0.21077 -0.137111 -0.0577072 -0.114372 0.0828209 -0.342204 -0.177269 0.165021 0.0011073 -0.170084 0.107231 0.0192513 0.349912 0.297863 0.393603 0.421344 -0.207797 -0.112843 0.378798 
-0.173798 -0.0411144 0.182661 0.406694 0.445473 0.225661 0.546558 0.355976 0.0543825 -0.159588 -0.543017 0.391285 0.152428 -0.332622 0.0871979 -0.529802 0.36474 -0.0170749 0.245535 0.0195524 -0.113117 0.343092 0.990069 0.321789 -0.0370094 -0.113071 0.347776 -0.0614552 -0.229985 0.0201771 -0.538032 -0.229931 -0.0184205 0.377947 0.364129 0.24196 -0.541753 -0.468376 -0.327991 -0.205038 -0.448439 -0.0423786 0.0993298 0.34372 0.033474 -0.39382 -0.0537888 -0.207517 -0.665461 -0.0303759 -0.453051 0.458694 -0.45796 -0.10482 -0.070572 0.188363 0.0945947 0.156292 0.0811566 -0.358765 0.642994 0.304669 0.888455 0.312082 0.411855 -0.127924 -0.750677 -0.0149407 -0.556683 0.927099 0.314409 0.0334941 -0.543819 0.289185 -0.00165117 0.876602 0.561273 0.67459 -0.669644 1.05111 
-0.1936 0.210366 0.343304 -0.0843475 -0.763318 0.786306 -0.423793 0.391596 0.527598 0.200186 -1.04829 0.377299 0.0931717 -0.0291874 0.734427 0.339047 0.113355 -0.100745 -0.222555 0.0301486 0.578781 -0.626955 0.12314 -0.019952 0.334303 0.00283788 0.406028 -0.439781 -0.349118 0.375948 -0.115823 0.185979 0.474645 0.167903 0.327612 -0.287705 -0.474959 -0.377711 0.485245 0.873448 0.0866182 -0.0784647 0.322985 -0.0456013 -0.0833059 0.212477 -0.517738 -0.203805 -0.0221544 0.301154 0.485253 0.0774486 -0.173954 -0.753285 -0.256797 0.422638 0.298192 -0.180863 0.396594 -0.622807 0.103413 0.437856 -0.190753 -0.626564 0.0768379 0.304676 0.283962 0.262489 0.312159 -0.142974 0.183275 -0.0281829 -0.127376 0.0553708 0.187079 -0.115539 -0.339359 -0.346409 -0.089436 0.177885 
-0.131446 -0.103941 0.304461 -0.357209 -0.670317 -0.373522 -0.203937 -1.1554 -0.590523 0.0837805 -0.661481 -0.591268 -0.381529 -0.382389 0.33649 0.698746 0.185084 -0.202039 0.0829626 -0.0859884 -0.108694 -0.220962 0.230829 0.0924778 -0.66803 -0.150881 -0.674242 -0.688257 -0.274269 0.804149 -0.127248 0.0266454 -0.284617 -0.213708 0.569707 -0.266445 0.0521606 -0.358133 0.660992 0.0635851 0.174531 -0.625221 -0.469057 -0.599981 -0.55046 1.02951 -0.213893 -0.0994832 0.283941 0.0495734 0.212792 0.12437 -0.902131 -0.684345 -0.225577 -0.386603 -1.02606 0.52645 0.166483 0.947758 0.0992618 -0.0919726 -0.359072 -0.841616 0.718255 0.554246 -0.259253 0.160275 -0.469732 0.277931 0.707373 0.482949 0.232412 0.767609 0.498116 0.266634 -0.094976 -0.208327 -0.468932 0.21961 
-0.21928 -0.087214 0.033771 -0.587937 -0.324839 0.0803382 -0.469317 0.298867 0.186137 -0.441853 0.115869 -0.0782928 -0.513247 0.357572 -0.481296 0.449439 0.943516 0.225094 0.0487065 -0.282903 -0.0208662 -0.81712 -0.248179 -0.168723 -0.415059 -0.128615 0.319415 -0.516892 -0.142573 0.386049 0.0244243 -0.747516 0.561098 0.142242 0.129645 0.375265 -0.454258 -0.193558 -0.169923 -0.00981819 -0.288213 -0.273965 0.134159 0.558465 -0.517278 0.088117 -0.489477 -0.114049 -0.505244 0.389841 -0.546547 -0.399273 0.394614 0.706621 0.381404 -0.152389 -0.471791 -0.403501 0.558685 -0.0283599 0.577368 -0.386347 0.453738 0.173054 0.41735 -0.394973 0.325742 0.793596 -0.624346 0.425863 -0.0585395 0.427602 -0.869903 -0.176836 0.512255 -0.526738 0.511346 0.600821 0.0208186 -0.303666 
-0.628552 0.142085 -0.247971 0.554292 -0.0242106 0.735096 -0.197994 -0.246682 -0.411919 -0.0306828 -0.628066 0.197503 -0.0935797 -0.46491 0.431422 0.288261 -0.148909 -0.678131 0.343926 0.0537101 0.0250395 0.255223 -0.208966 -0.558046 0.390121 0.0666769 -0.303798 -0.129175 -0.333757 0.459407 -0.523292 0.297456 0.0322998 -0.142429 0.177591 0.266643 0.275774 -0.0818146 -0.10454 -0.515908 -0.365379 -0.0823835 0.195251 0.322125 -0.0202566 0.457757 -0.351357 -0.020039 0.259158 0.571825 0.103813 0.242937 -0.330871 -0.0644594 0.172795 0.0122397 -0.0737758 0.441343 -0.259736 -0.297197 -0.040553 0.291002 0.0604248 0.0928387 0.305607 -0.30567 -0.152032 -0.482987 0.911376 0.206629 0.119335 0.484331 -0.89726 0.586571 0.312599 -0.35747 -0.0420273 0.0462421 -0.323834 -0.277616 
-0.607691 0.0341379 -0.501336 0.0111192 0.0413128 -0.488261 -0.158877 -0.186931 0.123182 -0.131488 0.419331 0.361845 0.418689 -0.359911 0.0935923 0.345082 -0.799831 0.713895 0.156892 0.853794 -0.787849 0.920893 -0.547836 -0.125655 0.0409103 -0.115661 0.520515 -0.0663482 -0.276475 -0.366697 -0.0119318 -0.0773812 -0.553707 -0.337705 -0.165034 0.138643 0.0139892 0.277092 -0.637821 0.0290284 -0.21008 0.225022 -0.308522 -0.112972 -0.455553 0.0599013 0.355917 -0.184472 0.220826 -0.493204 0.18079 -0.371309 0.190128 -0.217233 0.303633 -0.392947 0.666132 0.616335 -0.45255 -0.0569179 0.284297 -0.162432 -0.210412 -0.177275 0.194446 -0.423931 -0.305367 0.162087 -0.449438 -1.1042 0.466422 0.414754 0.750417 -0.135644 -0.000939905 0.338413 0.197642 -0.765088 0.587917 -0.012877 
0.128254 0.682671 -0.0465053 0.737211 0.627549 -0.295034 -0.776781 -0.382227 0.234964 0.598278 -0.157697 0.494107 0.113088 -0.666646 -0.410892 0.220104 -0.300371 0.687398 0.219648 -0.102307 0.0330866 -0.120499 0.198521 0.223478 0.193194 -0.879233 -0.0404927 -0.476277 0.690908 0.492522 -0.642527 -0.609795 1.09031 -0.816503 0.128418 -0.402408 -0.458797 0.355799 -0.326155 -0.336074 -0.0469178 -0.235932 -0.176701 0.28975 0.227238 0.372835 -0.509676 -0.828305 0.782931 0.127797 -0.186603 -0.2439 0.468036 0.734655 -0.275138 -0.00408906 0.237052 0.17403 0.187539 0.500886 -0.201984 0.489851 -0.6254 0.589544 -0.740645 0.0212819 -0.578449 -0.201121 0.214745 0.516249 0.451334 0.1717 0.0304162 -0.281001 -0.280551 -0.265098 -0.580667 0.398845 -0.296672 0.0991319 
0.507667 0.372815 0.535416 0.167357 0.64176 0.184739 -0.182542 -0.256022 -0.173163 0.714826 0.050948 0.603814 0.165062 -0.147293 -0.730533 -0.27221 0.215846 -0.105572 -0.0661041 0.360961 0.13865 0.225883 0.789486 0.101321 -0.0640635 -0.877245 0.118835 0.195708 0.568796 -0.102049 0.468203 -0.117924 0.542785 0.0986249 0.592714 0.000167073 -0.340048 0.0327868 0.0631572 -0.679846 0.798493 0.926942 -0.647925 0.707233 0.953359 0.208989 0.627641 -0.220493 -0.298339 0.325014 -0.650346 0.249452 0.487692 -0.205434 0.235989 -0.424835 -0.177548 0.622391 -0.282969 -0.220757 -0.79588 -0.30917 -0.465259 -0.214925 -0.343506 0.483215 -0.380393 -0.292077 -0.0853571 0.227505 0.275508 -0.140735 -0.766578 -0.697112 -0.308972 -0.182291 0.475538 -0.546302 0.20777 -0.640858 
-0.066113 0.557524 -0.289457 0.428915 -0.160093 0.415873 0.493568 0.659509 0.184336 -0.497948 0.073535 -0.50221 0.0663013 -0.220605 0.122832 -0.186133 -0.306423 0.212351 0.248129 -0.357272 -0.503974 -0.258906 -0.0614401 0.934498 -0.0111687 -1.13708 -0.359772 0.258383 0.457556 -0.14561 0.988968 0.0844618 0.273944 0.0847334 -0.639294 -0.739986 -0.00975316 0.805368 0.0612639 -0.408237 -0.319423 0.0216292 0.178527 0.681029 0.144867 0.310462 0.32699 -0.642918 0.528133 0.239695 0.597688 -0.0778545 0.801612 0.0434156 0.329808 0.279892 0.167317 -0.307994 0.365845 1.01078 0.241375 -1.07139 0.677943 0.091153 0.402419 -0.168571 -1.03009 -0.603333 -0.183705 -0.201404 -0.408835 0.000332072 -0.971938 -0.05719 0.0231715 -0.211478 0.604445 0.601172 -0.94592 0.0407326 
-0.338746 0.389983 0.0808237 -0.215404 0.49814 0.233863 -0.353207 0.204425 0.0134692 -0.974693 -0.489241 0.321285 0.102309 0.421891 0.0691666 -0.55405 0.19178 0.317598 0.109045 0.185463 -0.161268 0.274391 -0.06386 -0.0980786 -0.389865 0.811509 0.262261 0.0241314 0.343596 -0.535831 -0.170908 0.391955 0.563761 -0.148619 -0.245234 0.554372 0.645094 -0.081378 -0.121626 -0.0657242 0.415111 0.182595 0.466678 -0.191093 0.0725476 0.278195 0.266438 -1.03413 0.623157 0.0919241 -0.217345 -0.632564 -0.632172 0.129281 -0.324277 0.255951 0.0586776 -0.217664 0.525396 0.892933 0.0156624 -0.341482 -0.566938 -0.0098871 -0.315962 0.125249 -0.221296 0.749264 -0.568783 0.399499 -0.232496 -0.132783 0.459787 -0.371737 -0.0526352 0.118853 -0.756348 0.0551968 0.0370966 0.0874162 
-0.464017 0.0203158 -0.543278 -0.465747 0.724262 0.427721 0.163726 0.971384 0.2196 0.727721 0.453054 0.583689 0.599949 -0.679555 -0.236729 0.147606 0.190534 0.114473 -0.139405 0.373779 -0.573282 -0.64411 0.0451295 0.208145 -0.312742 0.26002 0.584199 -0.654212 -0.152089 0.626854 0.029233 0.521686 0.0120696 -0.494623 -0.579511 -0.129656 -0.0255186 -0.421787 -0.000154883 -0.577399 -0.0325019 -0.132997 0.309433 0.018604 -0.545076 0.351898 0.199128 -0.0148775 -0.753197 -0.351928 -0.244838 -0.198083 -0.54468 -0.210685 -0.655894 1.10387 0.167604 -0.269514 0.503009 0.0317922 -0.0545754 0.37585 -0.463049 -0.0267673 0.325876 -0.017309 0.147113 -0.0705777 -0.00616254 0.274605 0.484069 -0.623589 -0.221126 0.427257 -0.339388 0.699803 -0.0380049 -0.171668 -0.337342 0.184065 
-0.0135526 0.187574 0.18178 0.00597 0.298468 0.339122 0.149585 0.0724611 0.0915374 -0.502052 -0.156837 0.824134 0.35925 -0.134176 0.153236 -0.202232 0.589509 1.33356 0.603804 0.146569 0.156219 0.328861 -0.243728 -0.755511 0.616521 -0.565592 0.258924 0.0666124 -0.501413 0.0760154 0.198943 0.278033 0.441301 0.174815 -0.656106 -0.403047 0.3926 0.998231 0.119911 -0.119216 -0.225937 0.279354 0.967385 0.11176 0.000804502 -0.40921 0.811158 1.02038 0.382673 -0.723265 0.0370095 -1.55749 -0.394933 -0.238793 0.422246 0.583237 -0.782435 -0.411422 -1.06798 0.258459 -0.182466 0.362163 -0.0651251 -0.48303 -0.034177 -0.611937 -0.863547 -0.170515 0.609108 -0.492397 0.10116 -0.197485 -0.119424 -0.492341 -0.0415442 0.429694 0.175557 -0.374969 0.12911 0.0193677 
-0.104613 0.316008 -0.827918 0.082866 0.0348512 0.579354 0.133342 -0.372867 0.600306 0.233692 0.00979079 0.0300416 0.145749 -0.537222 0.29892 0.145869 -0.272916 0.34631 0.199149 -0.31464 0.303547 0.0878448 0.201164 0.278214 0.871448 -0.286209 -0.677898 0.215176 -0.012493 0.166595 0.299256 -0.0540435 0.594014 -0.00250705 0.85808 0.0911773 -0.832221 0.30117 -0.194882 -0.748074 0.0838264 -0.0258525 -0.662598 -0.369196 0.987053 0.0254564 -0.639468 -0.139759 0.482984 -0.345435 0.296976 0.113648 0.00140248 0.570348 0.305537 -0.291263 0.671055 0.123072 -0.270248 0.0862992 -0.414308 -0.200331 -0.01745 -0.0709415 0.441174 0.295071 0.339662 0.702864 -0.793237 0.0574965 -0.295714 -0.569715 -0.0401002 0.155598 -0.579064 0.386556 0.091274 0.20054 0.158328 -0.561631 
-0.349683 -0.0356791 0.00454991 -0.36431 0.278869 0.177295 0.0565309 -0.590494 -0.662878 0.160073 -0.196422 0.261834 0.102707 -0.634549 0.426686 1.04918 0.642887 0.260944 0.142151 -0.923513 0.155328 -0.07841 -0.172414 -0.181708 0.0426019 0.918611 -0.603737 -0.0417083 -0.286923 0.387384 0.140962 -0.885803 0.069413 0.788791 0.460741 0.343939 1.05017 0.298158 0.409798 -0.401892 0.419405 0.0515659 0.0239196 0.192215 0.822015 -0.0816385 0.0431459 -0.277188 -0.259589 -0.110738 -0.457846 -0.0256278 -0.183947 -0.278232 0.522896 -0.0475859 -0.405551 -0.269946 0.151735 -0.0188165 0.539307 -0.351193 -0.0235628 -0.596446 -0.263106 -0.191807 -0.87886 0.758916 -0.304076 0.585913 0.204181 -0.340446 0.0955034 0.194937 0.127042 0.38923 0.0401247 -0.227212 -0.752223 -0.375478 
0.205955 -0.613669 0.261821 0.166895 0.277932 0.00194817 -0.635343 0.488263 0.38611 -0.397334 0.151812 -0.307309 0.743684 0.319559 0.338338 -0.0414003 -0.307039 0.183506 -0.700977 -0.438706 -0.172719 0.0728643 0.110866 -0.439494 -0.900828 0.414055 -0.714196 0.40095 0.97902 -0.0682871 0.780867 -0.133779 0.0946505 0.701816 -0.0975676 -0.144468 -0.296535 -0.615835 -0.078324 0.829066 -0.17485 0.23242 -0.650613 0.480441 0.625443 -0.511116 0.446517 -0.477178 0.138113 0.0197852 -0.432018 -0.207829 -0.300187 -0.32063 0.631683 0.13305 -0.200024 0.64945 -0.0289588 -0.374194 -0.726363 0.013985 0.721754 -0.307918 0.296238 -0.877128 -0.479486 -0.233423 0.0741794 0.269937 0.028931 1.10972 0.393245 -1.64081 0.0745315 -0.401388 -0.63746 0.0866923 -0.328255 -0.364445 
-0.536671 0.398021 0.438907 -0.0540901 0.118397 0.588067 0.526035 0.142186 -0.299514 0.335333 0.094572 -0.0892745 0.23661 0.628989 -0.490061 -0.109729 -0.348068 -0.00556718 0.317434 -0.276487 0.478501 -0.0801507 -0.0780089 0.285749 -0.478499 0.452873 -0.640224 -0.838395 0.449416 0.515249 0.410216 0.0243454 -0.23888 -0.17492 0.373753 0.594966 -0.459721 0.124094 -0.234111 0.012942 0.0196826 -0.120639 -0.0592622 -0.0938836 -0.29172 -0.405013 0.0514992 -0.0884547 -0.381651 0.100578 0.37452 -0.0978502 0.917748 0.502307 0.216622 -0.626213 0.692781 -0.0963826 0.00943801 -0.324941 0.658967 -0.517519 0.238221 -0.0261401 0.0703304 -0.0402186 0.0121784 0.225927 -0.763163 0.204874 -0.216022 0.885408 -0.136154 0.0852314 0.0354218 -0.00343347 0.535296 0.0512003 0.0845671 -0.325116 
0.0335655 -0.13795 -0.141868 -0.294479 -0.808836 0.351421 -0.42864 -0.447973 -0.0785793 -0.573027 -0.461998 -0.0445573 -0.0357338 -0.511149 -0.0383936 0.276164 -0.161347 -0.314327 -0.260292 0.781111 0.16325 -0.670184 -0.2259 -0.650639 0.697011 0.059707 -0.208476 0.773012 0.0835669 -0.621612 -0.321683 -0.579902 0.540028 -0.576172 -0.037215 -0.407365 0.313245 -0.104388 0.473908 -0.130084 -0.286673 -0.957055 0.481797 -0.829137 0.172836 0.261667 0.160029 -0.796223 -0.279969 0.0540907 0.266134 -0.0923978 -0.51282 0.368467 0.000908696 0.0287232 0.243806 -0.980893 0.0802006 0.431558 -0.334159 0.0290823 0.212937 0.478618 0.136968 0.234782 0.0667191 0.427846 -0.140558 0.502019 -0.0837959 0.578625 0.180698 -0.204642 -0.240791 0.483496 0.0555786 -0.61925 -0.309684 0.380045 
-0.389938 0.427364 0.402547 0.085241 0.205521 -0.899002 0.520094 -0.411216 0.145698 0.30493 0.292184 -0.517718 0.530876 0.257734 -0.0750025 -0.471898 0.472915 0.509305 -0.0475982 0.668627 -0.150337 0.220731 0.437927 -0.648867 -0.136155 0.211447 -0.0637792 -0.281648 -0.803845 0.330427 0.325257 -0.112946 0.127812 0.121788 -0.0895504 -0.190214 -0.125062 -0.273946 0.0849428 0.238582 -0.0351952 0.515059 0.215424 -0.620966 0.0473571 -0.00548631 -0.254936 -0.109502 -0.825527 -0.156503 1.15307 0.66088 0.177138 0.0213922 0.198045 0.613078 0.335952 0.24366 0.403343 -0.0762318 -0.253437 0.206584 -0.00613877 0.0655091 -0.0451961 0.131951 1.12287 0.341583 -0.262703 -0.118834 -0.38781 -0.447301 0.230686 0.0168663 -0.1272 -0.218176 0.21764 0.0309525 -0.0607566 0.284208 
0.0965232 0.241921 -0.0354061 -0.506705 -0.256896 -0.00382337 -0.0102243 -0.415904 -0.255903 0.200188 0.250725 -0.148547 0.525997 -0.418697 -0.646614 -0.0976396 0.353516 -0.332639 0.190495 -0.0299788 -0.110682 0.0818176 0.236988 0.1368 -0.64653 0.0607668 0.0329197 0.1433 0.397777 -0.422903 0.0815841 0.303889 0.133559 0.557316 0.103045 0.426705 -0.650644 0.0339328 -0.553373 -0.327312 -0.884865 0.3902 0.328034 0.122719 -0.184619 0.830632 0.201498 -0.298418 -0.500048 -0.74842 0.0994562 -0.271591 0.0938033 -0.180782 0.404723 0.27434 -0.487135 0.0121277 -0.969087 0.523332 0.397547 -0.518549 -0.440176 0.478819 0.243783 -0.770267 0.0242113 -0.707316 -0.51491 -0.184375 0.133756 0.430855 -0.0901877 -0.309308 0.227002 0.532181 -0.203635 -0.0213573 0.709045 -0.159063 
-0.725941 0.0869061 -0.144983 -0.717952 0.0539777 0.723887 -0.143613 -0.384957 0.349112 0.627937 -0.24435 0.872195 0.552939 0.20754 0.458297 0.537029 -0.0279112 0.165384 0.353407 -0.70818 -0.19984 -0.117693 0.930174 0.14561 0.864314 -0.0567651 0.542674 1.01294 -0.508047 0.0678153 0.0854329 -0.00793179 0.163346 -0.13537 -0.0310052 0.0199797 0.40574 0.401514 -0.8137 -0.441868 0.0157234 -0.252287 -0.0433624 -0.634989 0.28091 -0.72306 -0.675709 0.345266 0.0176961 -0.19551 -0.04939 0.0132047 -0.611047 -0.289961 -0.119029 -0.14767 -0.662687 0.511977 0.275594 0.0637274 0.378807 -0.708476 0.073075 -0.242436 0.756445 0.191318 -0.250369 -0.0914574 0.247897 0.206382 -0.355258 0.276856 -0.407618 -0.154274 -0.324612 -0.143689 -0.213068 -0.100485 0.127792 0.127476 
0 0 0 0 0 0 0 0 0 0 0 0 0 0 0 0 0 0 0 0 0 0 0 0 0 0 0 0 0 0 0 0 0 0 0 0 0 0 0 0 0 0 0 0 0 0 0 0 0 0 0 0 0 0 0 
-0.0813167 0.794233 -0.284619 -0.403146 -0.0399314 0.547615 0.219005 -0.0136975 -0.191789 -0.0570754 -0.103528 0.0471077 0.117654 0.0253828 0.129822 -0.631263 0.40926 0.154778 0.0360343 -0.88109 0.751395 0.470639 0.0142845 0.820423 -0.610853 -0.606447 -0.201774 0.166256 0.186395 0.802288 -0.251118 -0.127806 0.17841 0.408878 0.237778 0.34991 0.0197167 0.150427 -0.373465 -0.293041 0.00995506 0.616052 0.527443 0.0553787 -0.0516774 -0.128199 0.506004 -0.988875 -0.0286296 0.14037 -0.293268 -0.246104 -0.359822 0.576734 -0.119095 
0.023349 0.227432 0.467982 -0.427963 0.0585594 -0.20578 0.382092 0.0779838 0.293894 -0.405705 -0.0927337 0.454819 -0.0926376 -0.70201 -0.00216908 0.107132 0.124151 0.120965 0.828798 -0.353706 0.480834 -0.106959 -0.776426 0.0887994 0.379258 -0.0105838 0.035607 0.0775484 -1.11029 -0.256052 -0.0397079 -0.777958 0.524106 0.679746 -0.430425 -0.281347 -0.484963 -0.0848665 0.137538 0.095333 0.0113611 0.299261 0.438519 0.137178 0.603312 0.441481 -0.0110329 -0.44002 0.187638 -0.90885 0.448579 -0.274117 0.129966 1.06912 0.366436 
-0.0238808 -0.328644 0.312678 -0.0228167 0.506531 0.240248 0.643556 -0.299672 0.653516 -0.133122 -0.201468 -0.713187 -0.0138997 -0.179584 -0.360958 -0.245633 0.528312 0.0534429 -0.101747 0.702029 -0.208602 -0.196581 -0.49639 0.365026 -0.548295 -0.297368 0.842094 -0.0137117 0.384516 -0.808522 -0.899968 -0.558697 0.212595 -1.29808 0.156572 -0.757648 -0.217475 -0.375283 -0.362279 0.0515529 -0.198119 0.120763 -0.237784 0.301035 0.353398 -0.296951 0.430812 -0.422582 -0.0254787 -0.881522 0.195238 0.939286 -0.231407 -0.281294 0.3167 
0.178437 0.58212 -0.336747 -0.237262 0.165371 -0.907479 0.410711 -0.0644436 -0.00175226 -0.0531962 -0.264647 -0.420221 -0.552111 -0.353922 0.0228936 0.450034 0.364832 -0.0734734 -0.0954081 -0.394059 -0.452997 -0.418406 -0.607128 0.330665 -0.312265 -0.709813 -0.592069 -0.443804 0.184822 0.17446 0.375313 0.224584 0.4156 -0.417286 0.461152 -0.460698 -0.194525 -0.138362 -0.0931884 0.120844 0.844223 0.545052 0.646928 -0.188337 -0.414856 -0.044432 -0.949693 -0.232267 0.703208 0.332524 -0.338999 -0.0589722 -0.272412 -0.310385 0.00934904 
0 0 0 0 
